0.12053028681010627
0.4612170057049222
0.4517341807433536
0.444552734856314
0.44052446018514296
0.43910063025160706
0.4375617271038639
0.43596573242812797
0.43740867871936084
0.4364611801658012
0.4342233035858233
0.4041634999961741
0.3925251471349757
0.3940145935896997
0.39476699276598703
0.3953582539158336
0.39578239835748386
0.3965657916801901
0.39805481904234297
0.39935918485581956
0.4002395006591324
0.3999748333106255
0.4010694000750428
0.40192272089595765
0.40281548952553503
0.40246752354326565
0.4020387765039722
0.4029553908550535
0.40334889840415505
0.4031588414053945
0.4021536190250945
0.40381519413352984
0.4037797294461666
0.40366180308060545
0.4031167833751065
0.3558057801012091
0.3430604197424865
0.3397767469770573
0.33525322450410433
0.33070482165573656
0.32386505815162564
0.32192816478659686
0.3184244732027491
0.31494673180793464
0.314607595905136
0.3144811186291653
0.3144728974624148
0.31296051276554643
0.31305965022279714
0.31305401015537476
0.3117939317400355
0.3125327120939125
0.31419404171750304
0.31328262271871776
0.3133627330294137
0.3020023272175908
0.3020391429871848
0.3174020496486437
0.3279872300811409
0.3399290868429994
0.3419246171794966
0.3496421641113858
0.3584099146652361
0.36073818685797965
0.3643788123530696
0.36763100975273744
0.3730551201438454
0.37275368592199404
0.37534708264247096
0.376851543527902
0.38001531632221297
0.3823787078667801
0.3831364955131779
0.38378871963557065
0.38683900955872963
0.38678523184730274
0.3906781951326611
0.39161708442218574
0.3918286528583137
0.39238952355912116
0.3942775871020108
0.3963482763294025
0.3945824508571339
0.39758442257319554
0.39699879267133215
0.3956633383290168
0.3968603022584704
0.39913752320493734
0.3991389231724815
0.401689885809512
0.39995042825313193
0.4045850070002815
0.4044945355690972
0.4060149830854696
0.4055222005763649
0.40385048263481665
0.40452341872414976
0.404189350353242
0.40795159228668154
0.40431974485958405
0.4059340684140794
0.40650997905599934
0.40454478000738714
0.40833249385171105
0.40641786866256435
0.4064890249255685
0.4067264658180944
0.4069936506487076
0.4054657510532807
0.40659501125693326
0.4066836520778739
0.4046047579118663
0.40487712621597954
0.40727355118974007
0.4055324287618731
0.40470296549570584
0.4021488337993839
0.4038792196192225
0.4029783548637275
0.4040122516004523
0.4022210605104342
0.39823208726301906
0.40196511659052997
0.39908924883822494
0.39800085571094784
0.39900160875042145
0.3989832498972984
0.3952916062599514
0.3955087935923095
0.3931912536937593
0.39429188742126947
0.3930244860453752
0.3902459771668031
0.39103760978905155
0.389254714706589
0.38778376636869283
0.3847750140291145
0.3846670121670196
0.3845521822761043
0.3809630451500919
0.38201866075672614
0.3786920521532948
0.38062730140038725
0.37708433603734337
0.3763840125131238
0.3777799775635824
0.3753125225244748
0.3745913463518435
0.3720869237752358
0.3727805009008077
0.36708551414464574
0.36913223876903467
0.36769223662260775
0.3626926586431481
0.3621912729489856
0.3634058125927517
0.36443558487185584
0.3578937141897661
0.35896902145292164
0.3565826518065907
0.35530587617527465
0.3556241184829113
0.3518301027681551
0.35160956403333127
0.3496750822853003
0.3499599735239246
0.34645991666982573
0.3440538833231059
0.3475120364039245
0.3440872403641214
0.34218434606640336
0.342092896322103
0.3402652962268184
0.3397319665739042
0.3371183680198361
0.33797835831009654
0.3363673809505517
0.3359253609003862
0.333520508517246
0.3334779890373437
0.33290367027086554
0.3302341406162475
0.3304166961323834
0.328065761626362
0.32588526958047476
0.32664923812759333
0.32527835291241114
0.3258544422877699
0.3228678091875951
0.32180948138305393
0.32177675018902485
0.32128720103890174
0.31975679401516655
0.3179675006575313
0.32118435051180083
0.3165013071666686
0.31766962700794066
0.3169556038409033
0.3153469026177077
0.313627050061751
0.3136572776784564
0.31393768367556174
0.3115684182985814
0.31196264176519334
0.3088763003116314
0.3103722665278101
0.3089595178312482
0.30778930790799014
0.3091788964732969
0.30779818419531607
0.305362539204821
0.3061657385268747
0.3037069011762604
0.3028315619549927
0.3044761215407724
0.30219180959030295
0.3006476403686943
0.30206756413660585
0.3013353156690021
0.30095779797912364
0.2998139719390383
0.3033067480872154
0.2982940125511882
0.29856340460912145
0.2998501040254809
0.2965436707005912
0.2967279147924377
0.30016425650239886
0.29701501738390634
0.29484599697723557
0.295600889865406
0.29425383138343086
0.29671478067575985
0.2940636841245069
0.29452356253084144
0.29282463425079774
0.29461507277799737
0.2956846212857121
0.292220147169839
0.2914570129155077
0.29476877848338856
0.29176087386089117
0.29163465241541736
0.2900467595221912
0.2882137561140662
0.28850271565177166
0.28981906983799655
0.2888893501264396
0.2838570875466414
0.28401169876470916
0.28523662371316416
0.288692362217499
0.289510284768837
0.29038090773333164
0.289087879324572
0.2910109027023594
0.2913762532996298
0.2908712063636745
0.2944209239680692
0.2932624737358892
0.29313399095939696
0.29261317811433046
0.29379239538504354
0.29557806240911316
0.29524917171373455
0.29357701597963975
0.29494684746464916
0.2951755538555806
0.29375864851931766
0.29567511577500877
0.29344366357003204
0.29505847588925355
0.2951944386588633
0.29645453609539657
0.2948490294074087
0.29456970117567854
0.2962530572118903
0.29506184359857157
0.293724040844323
0.29741829518388435
0.2946115177783424
0.294336932809607
0.29525999527209384
0.2933966195657932
0.2956072677803292
0.2933252257817586
0.29437863856673724
0.2957277793905174
0.2916558101211496
0.29635577786940803
0.29109324348148946
0.29585663243736243
0.2938347714743426
0.28890191562498957
0.29254118384513533
0.2907945361878046
0.2935744697123408
0.29193110202888806
0.2877925265814371
0.29040847963607636
0.2901252716389372
0.28995927323246723
0.2911860701918635
0.2889350814326878
0.28875204315276626
0.2878477491245406
0.2845025976142581
0.2862795701908361
0.2830900226980683
0.2819844360743545
0.28045277795424556
0.27725960908139846
0.27786483509209203
0.2734715511768341
0.27264330239834517
0.26438096593550064
0.2538536779539697
0.24990521593888998
0.25018504625597765
0.23549521936865075
0.22380772270168553
0.22007062550166645
0.21109091830212917
0.21705301902646407
0.2118906396910702
0.20371662124074516
0.2021711643618088
0.2043521475185189
0.20023326988767956
0.19387085310051524
0.19744118151143566
0.19339970218545005
0.194002969787532
0.19117836083349488
0.1914179405868042
0.19241627036015513
0.18042372530247822
0.1898695004746886
0.18672325933504455
0.18033104330888505
0.18439031427536523
0.18630018945283539
0.17592917381483358
0.17727693842547015
0.1836561544617483
0.1790246778283705
0.17974001329708703
0.1831548773378908
0.18565508888290688
0.18370229466996985
0.1952956102905244
0.19232160521065705
0.19842976144233987
0.20201629130252075
0.20261759863925716
0.2055316632617429
0.21818073082216985
0.21311026467367777
0.22211326771740664
0.2217850957932431
0.22234342047901956
0.2312425729372983
0.2324420565392627
0.23268895672487416
0.23646495774579668
0.23499866674102593
0.23681563352905988
0.23577600642794985
0.24298321557827524
0.24254495348840113
0.2395721880072897
0.2441219109167148
0.23765383468012402
0.24863634955284225
0.24970405383341973
0.24426216682903346
0.2455423663609279
0.24843102800138808
0.24409304687063801
0.24304544288858435
0.25092366825144063
0.2522793027605431
0.25194939767931707
0.24492135972791235
0.24928813231415564
0.24841798938255688
0.248476435459966
0.24363213646133422
0.24830343090735157
0.24678406143252718
0.24851689867767082
0.23744287183859294
0.24493031437989288
0.24615097685976134
0.2497808341719102
0.24323418644482944
0.23680237697899442
0.24372801155785334
0.23586418875464324
0.244130862608265
0.24362915632706547
0.23707798408703376
0.2395144079717086
0.2401043332290517
0.2432888533787289
0.23968595467797488
0.23683167509924424
0.23832876480865464
0.23747589595032004
0.23713579662271153
0.2343987445793811
0.23684549323771725
0.23555703209242865
0.23629992399311212
0.2368646575212776
0.23059160827255595
0.23057486223945972
0.23312896825252008
0.2250493526722165
0.23634292618248684
0.2240717999104674
0.22785869831436187
0.22687506590320589
0.23096015797474986
0.22624270606151708
0.22577423279617012
0.2295405092638035
0.2245217815711525
0.22691366172040967
0.22820462783224388
0.22018497847925408
0.2237197055851023
0.22172793412912
0.23172524646227394
0.22054341934332386
0.22133995541485185
0.221422994832044
0.22340550566641118
0.22097837207179527
0.21866488412078117
0.21993830717084856
0.2225879669781381
0.22043252167908217
0.21833287284823544
0.21691911093803812
0.2255686568507663
0.22282110981511102
0.22301344656912697
0.2211657138200164
0.21820822532116496
0.2193469020544557
0.2192331067607614
0.2199220539939919
0.21953401069991568
0.2206971897065721
0.22287658159673002
0.21973021916511945
0.21992654706148893
0.22399717276479056
0.22314082757757814
0.22756848767669954
0.2236775469364242
0.22146264232636068
0.22225258218171723
0.22795456072301928
0.22565304597080732
0.2237897621916214
0.22549795371006068
0.22682091862780557
0.222413169983433
0.2270258867573781
0.22376052780830102
0.22486514560596751
0.2324380356424848
0.2288933343033678
0.23104475753358944
0.22872770486313398
0.2313736546562823
0.23022360106443157
0.22920568984422446
0.2279235409733959
0.22953240349484258
0.23754837800580492
0.22415594755838267
0.23100843769728
0.2280070459792661
0.2363256618302502
0.22625320695546441
0.22908938322072267
0.23308515158520193
0.23499925328082144
0.22906818514837632
0.2285946096115698
0.23045266570004244
0.2319175234477298
0.23403028153996047
0.2310484654404099
0.23109820708006765
0.2295815237075418
0.2326672647729851
0.23062857679547255
0.22708600074502328
0.2313102451328703
0.23502935178481033
0.2289009037266677
0.22826989246676915
0.22742232631648415
0.23451180492589221
0.2284629407428267
0.23163242567984818
0.23692721544502243
0.2358277154594819
0.23295400540315114
0.23151461091236306
0.23202104054412587
0.2330474880648991
0.23342778365599473
0.2282515889665496
0.23223332399280566
0.2345599503773918
0.22979575104696
0.23510767386583642
0.22897526875982485
0.23458565616611832
0.22948329612373844
0.23141319973210464
0.23035025236933918
0.22713075146546666
0.23180223274872347
0.23071441848356433
0.2324403260062827
0.2329177812809891
0.23167862324199456
0.23163078107284182
0.23284860201501748
0.23041864261831452
0.22790843555746906
0.23140881102723715
0.22877852942511204
0.23047190780384597
0.23510531170267474
0.22683799494868223
0.23315346760162461
0.22824583016751024
0.23129081579263958
0.23362784101195255
0.23097403706832642
0.2301692899233712
0.23597793578310206
0.22776664080897618
0.23254323627316514
0.2355628710513508
0.2283163974216733
0.23121057909145715
0.23012005235403535
0.23137535422860317
0.23560560840859282
0.2340377392013424
0.23201601336530353
0.2317793581845359
0.2320646432499355
0.22979111512283942
0.23238736284223024
0.2323763130723485
0.23006036995777918
0.231802017765037
0.2330492209754787
0.23210944035068826
0.23990202260391938
0.22961556937790575
0.2365934097296476
0.23393150195947268
0.2340640323295537
0.23379090832249033
0.2328631002952895
0.23539441462822203
0.2331924698980608
0.23472170252829513
0.23542924717191838
0.2313896524737787
0.23429333338083597
0.23159912923960335
0.23606117207292518
0.23655853736422192
0.2372248276785521
0.22996317125548335
0.23226522471669941
0.22879867854024227
0.23605987280589055
0.23374029670833676
0.23694560763456107
0.23336900064232324
0.23596187256007511
0.23494554079970448
0.23438698403569308
0.23363344062364927
0.23340569863451618
0.23724245228563387
0.2313324062038753
0.23135618194659843
0.23199401450746313
0.23075455754327132
0.2396485199438833
0.23045855221598682
0.2305637539363135
0.23405171779944783
0.22709008278111376
0.2351596038847304
0.2306478732448284
0.23365356351683925
0.23112725957043093
0.23654890395843875
0.23424878191816895
0.22861234828825752
0.23441393415188555
0.22912022234618626
0.2346677941934292
0.23605736352036968
0.23306375847310154
0.23466013096571575
0.23053699606376318
0.22954392657732553
0.2307048562974908
0.232321037916181
0.23526431897880493
0.2347604199511622
0.23413625087558448
0.23823637266054648
0.23336649475589516
0.2309131373149463
0.23186452444141709
0.22930837267006274
0.23795805476708815
0.23529438466900404
0.23307741364828388
0.2331076928594295
0.23273180040054772
0.23119280630340167
0.23313789022385872
0.23063502073120504
0.23063673503998774
0.23157522572750627
0.2362301816308968
0.23732922309007692
0.2343681246928741
0.2353245509585567
0.23613525399342636
0.23387224336761564
0.23494156008878328
0.23560834428276745
0.23796181886155213
0.23990336583441207
0.23304715632188894
0.2365368460603267
0.23484676080495231
0.23167492541865195
0.24231673132037773
0.23959979703758982
0.23514700661004687
0.2384959651391465
0.23649703393296648
0.23426483509454332
0.23469550963797509
0.23474140266118687
0.24215443444574639
0.241803222902705
0.23936591135811663
0.24256389547117996
0.24142676561209822
0.2379719362812971
0.24314198257358352
0.23945482207745578
0.24320953425804995
0.24584058108776996
0.24608803202276222
0.2369154988388697
0.23932105525134523
0.23999250401774752
0.2388521321236575
0.24411800792239546
0.2436366654389483
0.23973935920890993
0.2375582457843261
0.2448453156010054
0.2435852890154467
0.24221654853295585
0.23940118208079159
0.2418251103244402
0.23600841433653655
0.2364689957311627
0.2382616093147299
0.2468146338869936
0.24004656138498554
0.23866451900738586
0.23691781955279329
0.23679262874709894
0.2403820952744355
0.24427126028853352
0.24043413575312994
0.23751866778817482
0.24020351998682338
0.24161048761419462
0.24010215063212095
0.24044984899380392
0.2451919654601474
0.24584413367271013
0.24174597219116428
0.24155627071950372
0.24262925105945593
0.24240771547736237
0.24121743551475622
0.23690439731260587
0.24154822405015858
0.23746258565553374
0.24135105131642307
0.23962125334882786
0.23982959646826316
0.24286854456332652
0.23872374122285756
0.24241717242679894
0.2414488355554154
0.23824348101249232
0.2373038962190075
0.24301029603401184
0.23887051781030536
0.2356610514359782
0.23944303585868498
0.24031912055778712
0.2452239795847738
0.24192014017763305
0.2407700480741149
0.24258290845879654
0.24127007643556392
0.24107917244835103
0.23829607133381453
0.236612502013437
0.243488068764412
0.23820200287908247
0.23596989494034787
0.2376482868440848
0.24235083719075368
0.23831692005603244
0.24072404273731368
0.24028727375826803
0.24112313707662106
0.2407423379433214
0.2365379677448506
0.2411511342426455
0.23808419551323595
0.2429390114927986
0.2407651110587691
0.24111451883033644
0.2398824910714889
0.24029588631698845
0.24314033131275173
0.24006939631797777
0.2450005518115959
0.2384797429261163
0.23980590298730128
0.23848603476489974
0.24661629878309216
0.24046881651265437
0.24074875656372696
0.24189425470657758
0.2402263941812623
0.24373020073129403
0.24135529277075082
0.23992520137457926
0.24170057865810118
0.24228887150045142
0.24452972854239424
0.24646429901302552
0.24344442671795435
0.24385857025496827
0.24285666443978354
0.24154060840835712
0.2432624611028822
0.2401966916528453
0.24927059711161395
0.23929216325499786
0.24300960425762871
0.24633743701826943
0.24408936297213651
0.24605267014189688
0.24418519163684063
0.24483894260887812
0.2486581272489358
0.24503243914511802
0.24776637874887159
0.2474416844107664
0.24188507344366922
0.25270455155319727
0.24920691415124346
0.24567186664773438
0.24711054142570438
0.2483291255214955
0.247857948594584
0.2472157677113306
0.24578821841754356
0.24651234319515947
0.24815598400549713
0.2464282056204993
0.24630985030581712
0.24594522546994346
0.2470411706795886
0.25079697968067377
0.24631097588901452
0.2459768010687795
0.24935576122800912
0.24605576282621922
0.2486712258423372
0.2435424946367924
0.24420664086434907
0.2532373876802847
0.247152394163014
0.2439247556537313
0.24157871114074755
0.24736900620996125
0.2452824350133985
0.24522984380263443
0.24778315922928926
0.24325145396194658
0.2426105042036742
0.2584334094624533
0.24686096117927506
0.2464935725309151
0.24579913397961678
0.25054098241299416
0.2447648263417229
0.24650615728974748
0.24538516782132028
0.2446803963245819
0.24877088064257044
0.244899792419496
0.25371211332598886
0.2459306472860358
0.2481617027650631
0.24574323228030925
0.24783094934529828
0.24650042569160813
0.24608221991329313
0.23886023902431602
0.24824495983038614
0.25045989932003354
0.24700705044388788
0.2508400199199347
0.24400446300890052
0.2472889890974243
0.24372655671170046
0.2435754967359242
0.23718676366019192
0.24878597756398896
0.24384120213420862
0.24970362564892312
0.24628364639738037
0.2441290397051779
0.2500532603519821
0.2466706146937004
0.24330090387704056
0.24747536470683912
0.25121971868767407
0.2400684054804762
0.2416647278990383
0.24961987531205918
0.2424530484364981
0.24298752405809898
0.24256441438445572
0.24251583661848491
0.2422380145417468
0.23900943366049643
0.2397592116780553
0.24091441725127644
0.2409846211722085
0.24316470516416916
0.23600535677878837
0.24583682807957655
0.24711212810017721
0.23932219223860712
0.2368101351103083
0.23891546495534474
0.24045059660129678
0.24675843334155662
0.2452245051694434
0.23962287865659132
0.24683856645815858
0.24298658035296983
0.2381900342057594
0.23687148952838832
0.24361948498563946
0.24411998150071845
0.23794169577258736
0.24007007268493674
0.24041720438608757
0.2405282001441284
0.23612864686487675
0.23807001772262412
0.2393830191982064
0.24297256307546022
0.23440657463619058
0.23067606469043983
0.23935803509440082
0.23996364811181073
0.23649003848256828
0.24041798041823093
0.23622417395316156
0.23677707400466308
0.23702730103234865
0.23695208672725693
0.23123950717724226
0.23301530320968528
0.2383082792486857
0.23395631276710502
0.2393513792068933
0.235571549622206
0.23708500087976797
0.23277417348485638
0.23292759277465996
0.2295315284873279
0.22967480684951685
0.2302295270012597
0.23361853537329963
0.2308368718312875
0.2333453961404819
0.23204818270208655
0.23211378903642127
0.23689759700293841
0.22559960160675194
0.2314181698868097
0.2265432815342227
0.23025100776100976
0.232637408590426
0.22954990985282014
0.2272112560470862
0.22765571549789443
0.2322528574300618
0.22872787152436252
0.22558447333669646
0.23116769488728273
0.22288902405619754
0.22867003557202542
0.22839156341542016
0.22485853418736088
0.2343992032845233
0.22989503158652927
0.22110726740878722
0.2282014285706357
0.22050373149395072
0.22156328123802113
0.2307881985952776
0.22597376815483572
0.22282480438243332
0.22302773081928073
0.21854467557190418
0.2235630888239765
0.22263613347364175
0.22314495063336479
0.22465724513033378
0.22124441061574746
0.22172363955996383
0.22234538766517553
0.2198880500057568
0.22149701359220475
0.2181211386336746
0.2178997181966479
0.22333906591598623
0.224055475037442
0.22391680005439105
0.22126154141459203
0.2188613337591904
0.2189449380591934
0.22403060593086427
0.2225377173864295
0.22205388517127905
0.21591488814639953
0.22131373005723254
0.2141806388617565
0.2188860855656114
0.2226302376912585
0.21626624714301826
0.2138488961572055
0.2248795049194408
0.21594041733190275
0.21717951937515556
0.2166378880589614
0.2178404133684407
0.2169138884225811
0.21810834085479097
0.21512012098754854
0.21298359176153792
0.21843046421764822
0.21099628657080882
0.21793216008789362
0.2141379514988489
0.21601930813885795
0.21277085781908842
0.2163416728511284
0.21312172045118083
0.21241563232819138
0.2142722414718528
0.21353403021537098
0.21714176304215177
0.2184993158532358
0.21406962524372414
0.21697184748599466
0.21306815107269536
0.2167225961087101
0.21328020358753266
0.21652720804716324
0.2163299061814829
0.2184466029932713
0.21459098019031067
0.21254880298013257
0.21088425248871662
0.21498842367090426
0.21362283772286247
0.21542233265276747
0.21027844069398954
0.2194832424628143
0.21425781965490603
0.21130567835231395
0.21073225866332757
0.21422853358308105
0.21116978347684284
0.22004366619663723
0.2114766527929667
0.21046773341047934
0.2112511309797906
0.21315309447567388
0.21206810258487185
0.21041795190470242
0.214364773866946
0.21036354149782638
0.20979238330126554
0.21075101879490665
0.21108604811128157
0.2136812826591298
0.2102189867702245
0.21125490428313826
0.20619387145821294
0.21269797704825705
0.20757201622313187
0.21534107370354164
0.20961191235281357
0.20715074783387113
0.2078513731235216
0.20905176750416507
0.21224838378632924
0.21524632732530083
0.20449455064498406
0.21006951761055084
0.20502200031275103
0.20778160551580985
0.20822484066889854
0.2040740088101797
0.20554498553513395
0.20862983830116205
0.20291532834537013
0.20342550239068288
0.2039575951086062
0.2030441315097419
0.20226370280269396
0.20444267945849864
0.20383894621105533
0.20278221055440904
0.20388361377685701
0.2019993555519906
0.20244008780770822
0.2027959147457874
0.20617298858504496
0.19935825675140864
0.2043815620598247
0.19864131316465009
0.2070933700138325
0.20094983583872406
0.19900828593498665
0.20001269975717745
0.2024751799721017
0.20508993379523233
0.19453142109074034
0.20469412166825393
0.1969922842369388
0.2018268066241043
0.20006999802122402
0.19676003762513183
0.20321842855459912
0.20186942205208797
0.20522176640987594
0.19892457844192402
0.2009965434805395
0.20217341251184365
0.20149798491920418
0.20250182835829528
0.20316308059131946
0.2014242332156094
0.19966806497703546
0.20016888732788923
0.19686371644082357
0.20325906463489285
0.2018239356631264
0.19922685671407098
0.2035395272270478
0.2022901013015391
0.19497297478801087
0.19848243786467337
0.19946341361339942
0.1999725679276552
0.19955483154564085
0.2000256884611428
0.19925316875577742
0.20347631852097522
0.20115459851208844
0.2014110799307299
0.19410870279072343
0.1979596878836453
0.2006443338503996
0.19668555228913082
0.19648692557178937
0.2002624484199238
0.19658108903076993
0.20294430127855087
0.1986198657188505
0.20012616141630687
0.2004860692259655
0.20510651502726757
0.19516734717246298
0.19835792169584576
0.1988586654819404
0.19783234038969383
0.1994601261183862
0.1985683685507975
0.19632066502713522
0.19070109017585882
0.2029209763124748
0.19786419165188068
0.20403028886779584
0.19986375138607587
0.19966708557843232
0.2016855120357909
0.19777371304528646
0.19001690647622596
0.1960721473329418
0.1939845045951348
0.1959275729251127
0.19909805939564157
0.1947886691389743
0.192200375889991
0.19526821868470662
0.1969413496005646
0.19649605333591041
0.1922167184186086
0.1992108110930249
0.19921557472955445
0.1944439908291561
0.19786923121811742
0.19464248579198645
0.1943130261493067
0.1946276932817744
0.197791503100264
0.1991588279567421
0.19605644241924555
0.19525685918079275
0.19361561071951822
0.19997101685197285
0.19881130818042347
0.19859983776573303
0.19606017421652053
0.1939100646132545
0.19736273621645395
0.1973172203051377
0.19392981646643764
0.19676698771582068
0.190670579925286
0.19217464295052764
0.18950865812038553
0.1952000158568437
0.19718523055517984
0.19107970316955084
0.1971950551920481
0.19150620149428543
0.198330743638589
0.1955732900124239
0.1923943550920195
0.19356004034393817
0.19747545495954083
0.19360341003903653
0.19488029094399198
0.19293489602854302
0.1849520954812094
0.19071792345655858
0.19005309486302963
0.19243079950405467
0.1894842917314832
0.19038049329630713
0.1910263674404044
0.19480133593384225
0.19412448001964624
0.19421270634553076
0.1895152797567658
0.19023436067940488
0.19753444542463314
0.19324674906051043
0.18785043109889926
0.1885460874957227
0.19011932210351534
0.19695355047625146
0.1899728434384355
0.19311920177034908
0.18808591888310316
0.19455588039457683
0.1915227327892682
0.18966613410946515
0.1900880990038144
0.19551840254255126
0.19107898802485596
0.18708171978052907
0.18276313330711946
0.18870247286265285
0.1888155900303121
0.18733666638028845
0.19075808795074456
0.19840454687059902
0.19071527989525508
0.18624162794898302
0.19549367307159987
0.1922128335437025
0.18890076489424523
0.19310042149120554
0.191220934946124
0.19290723968489742
0.1875943648518431
0.18705984060783512
0.1830463163257338
0.19260575762131865
0.1916274628391542
0.19125592944848924
0.19026960628792455
0.18738420724820345
0.19400520980314906
0.18707622470087384
0.18777563150568663
0.1923696371035643
0.19373469678463523
0.18404459443867494
0.19251895643110112
0.19007946746481402
0.18628175122242438
0.19114206059859323
0.19204511539413144
0.18634255677935305
0.18948860965720193
0.19062312261267883
0.1894331636854784
0.18617787409662856
0.1904496525663785
0.1891153015637005
0.1917231826474144
0.18921660153816958
0.18775553030613298
0.18504519996111
0.18738406036012284
0.19673171981835974
0.19301952666793148
0.1897337656864469
0.18832454477902885
0.18975998059124008
0.18647574715028853
0.18966595561652788
0.1846260643850236
0.1851129138717454
0.18432229527086577
0.1874752128159147
0.18240297704052688
0.1899292658917099
0.18765980957367853
0.18627948907922393
0.1894531492632014
0.1874009709872755
0.18925061713004945
0.1853401134080656
0.18544422627256493
0.1862323516121311
0.18471097885678278
0.18328842119136798
0.1862441115654173
0.18967236524440256
0.18795883068855845
0.18446429217153945
0.1880839852198713
0.19146899784024113
0.18917623858452556
0.18272076162250755
0.19345412808166118
0.18759443872247225
0.18214850881097366
0.18966843983851175
0.1857960711841336
0.19091430893875566
0.18230535245525087
0.18637263487710315
0.1898824296894263
0.18453717748716397
0.1865323925998938
0.1845455420258469
0.18613543184249204
0.18539694251877675
0.1852411758071479
0.18609458497572845
0.18751138103811035
0.1904643613752543
0.1875917502541304
0.187723871188037
0.1807693498278415
0.18462569929900843
0.18618684089152054
0.18197664337415895
0.18195256942793075
0.18961049159017823
0.19103247484604718
0.18582453845258215
0.18342075230781069
0.1812320958911989
0.18147669616443027
0.18656435841128155
0.1831226159584853
0.18840321242499153
0.18057017752310311
0.1849398664692298
0.18526114134163885
0.18513296643389238
0.18325562917932353
0.1841936342553234
0.1791559496787248
0.18581705748302826
0.18138624640174383
0.18786767326330472
0.18274686351491784
0.18901568799408772
0.17764296298810428
0.17890817567209888
0.18571275144826224
0.1849973078518415
0.1851131847968693
0.18032678143836492
0.18294053531411864
0.1849228904402065
0.1831203029411522
0.1815068445969698
0.1873579184399247
0.18020324722864484
0.1850492706706211
0.18696692424775513
0.1839029657586734
0.18863119252006566
0.18313363663822674
0.18080980692939025
0.18388212040223129
0.18335584039864658
0.18236816369321207
0.18080221495161702
0.18347613543880884
0.18014611266655728
0.18483308434681378
0.1841618718429008
0.18271941403764977
0.17883218098279802
0.18284742866494963
0.18186279359562768
0.18121390279127297
0.1881039965522059
0.18055666660509792
0.18665255203222347
0.1828741511527226
0.18087954200101877
0.1818336034962968
0.1815358119220755
0.18242445930476084
0.1784813985832125
0.18225236539886727
0.1750886391471359
0.18426139317267157
0.18705394439890546
0.17982512471734297
0.18130303866535014
0.17609210788488758
0.1827874711424898
0.18192252225910535
0.1840443195584879
0.18171813575603762
0.18297504625005329
0.18569336243555218
0.18860070908238527
0.17857415360619863
0.18084339351355083
0.18009539986394343
0.18155668074852274
0.18204834345435364
0.18266092706171017
0.180928603019003
0.18084425319017708
0.17981173494861952
0.1852467335804666
0.1790106846072596
0.180557191778761
0.18445547160009357
0.18131745017238815
0.17911937088274182
0.17551468788433572
0.17999454463899056
0.18037685383197435
0.18805530879427637
0.17864403440396748
0.1814175731867523
0.17741267946128098
0.1894932218160011
0.18094620821387994
0.17835648310951488
0.18436005224445556
0.18114153123227364
0.1791140411486097
0.1844999303693822
0.1779310528351621
0.18527766028882847
0.17897876397584372
0.18216166165708664
0.1813424215437139
0.18173572008624653
0.1806453601311716
0.17888688433216776
0.17879157862505118
0.17714385717775807
0.17844111973561244
0.18066892590975742
0.18153808162696122
0.17992899027404716
0.1777883556335324
0.17894618235205859
0.17829208679847247
0.17944637563433183
0.17793797863476715
0.18237651846892838
0.17754714685098832
0.1793045585477638
0.17724430883646144
0.17687801532795078
0.1789825569318465
0.1792572450302069
0.17911087298707642
0.18033604405710218
0.18072310388383916
0.1789618305550758
0.17437691625185808
0.17571361362723736
0.17922909581456256
0.17814892437741864
0.18323480758757332
0.1769563917889227
0.17810715224514967
0.18058215413700124
0.18380308314215452
0.17654197759554877
0.17795616433744116
0.18183387500396744
0.17522656679541168
0.17369222823578798
0.17676819266185267
0.17431141728428484
0.17871498492931231
0.18080327231130583
0.17683070275957197
0.18037153124733019
0.17615062447195937
0.17756167948747253
0.18211086514970734
0.18096428770232348
0.17927554206503898
0.17739536938217368
0.1809985098178864
0.17453885524323837
0.1799891422996939
0.1786763186184493
0.17626627994435684
0.18282750529815073
0.18149744450722774
0.17697089798203108
0.17427393404720568
0.17612423130598034
0.17199812313161722
0.17735873461654925
0.17499262380418917
0.17813535562329882
0.1745307425600972
0.17495325850226354
0.18442034558627315
0.18016293309018058
0.1704641062559698
0.1800346510405469
0.17020757838518305
0.17403655643026256
0.17296550693587948
0.1775354189841319
0.179109154078359
0.17870665065922736
0.17991273394946788
0.17365728340968115
0.1784334036897397
0.17187056040665089
0.1730411925333292
0.17667651462742648
0.17893088911497096
0.17723785236309703
0.17605826450846157
0.180772665584589
0.17194249193261568
0.17541639397211467
0.18066333115857136
0.1689108766967458
0.1720141804395663
0.17881825188180314
0.1763810852388193
0.17472631936225885
0.17659510339065596
0.17321705553688665
0.17475811497666183
0.18016147790158327
0.17761221076492364
0.176381121531602
0.18171923256294253
0.169834771336807
0.17646499149828826
0.17885595921791195
0.17866478822315776
0.18313708993022704
0.18283846346519958
0.17508396276479304
0.1751722810347412
0.1771767099130073
0.17451570271084835
0.1673885146734732
0.17896691753569322
0.17809940614417075
0.1792142577124652
0.17581912466101093
0.17967173533039224
0.17299932351062502
0.17856999759304407
0.17316191769939757
0.17021808103588518
0.17795487132540422
0.17826976248659926
0.1799129614088834
0.18150494329065298
0.17771273674422794
0.17218105490906457
0.17252947757173934
0.17729856417185977
0.16984446042554688
0.17629002155098394
0.1768915247887303
0.17153035873587177
0.17135154000900388
0.17175930340293122
0.18141006779502242
0.17259443324847168
0.1740951364353591
0.18049658274735617
0.16947293578418451
0.17738896156392397
0.17593811022954678
0.17237369595212834
0.1707829631765922
0.1805728739714279
0.17296530704658844
0.17794071405508446
0.1709732017728073
0.17731576385549497
0.1762835281962885
0.16869171600361543
0.17514093763638364
0.17618187265182977
0.17392870995201612
0.16713982093931246
0.17279348842521325
0.17071369915956147
0.17198352677900577
0.1704657558715547
0.17913890207383
0.1701437938130283
0.173106779724359
0.1762561709503989
0.17726387824656875
0.1693321122438225
0.17964999659412467
0.16501336428622754
0.17521007529943328
0.177565014693399
0.16945691464178597
0.17285040464220675
0.16985811727071304
0.1744229769602968
0.17921177183305081
0.16907244162548732
0.1678052030390053
0.17429951987199135
0.1674774562554153
0.17127340169618588
0.16689741856494716
0.1755627489890174
0.1729388513854964
0.1768644156482367
0.17441551573287012
0.1674702176201534
0.1706474262832782
0.1732286928469113
0.17026481293228815
0.17477750359367827
0.17377032586398217
0.1705385244786214
0.17733979579569192
0.1703560101232912
0.17430109159468002
0.18095303415023523
0.1663467181788011
0.1776330082850111
0.1729074500854383
0.16919808471666326
0.17292076595453684
0.17291009210000144
0.17791577315297882
0.16838107145080589
0.16976039761941072
0.1730943688208489
0.17770350529544016
0.17134278182748902
0.16853706581129502
0.1686358386358007
0.16878804527929486
0.17166182200258479
0.17159932704614672
0.17642695496668054
0.17786244446664948
0.17359042496595897
0.1734165426354296
0.16697481317209334
0.16829153308819508
0.17875897997242374
0.16723456097272466
0.17430362648756934
0.16871551700830129
0.17860014137545446
0.17587422785087695
0.17380588871417663
0.16816408775319475
0.17636346850093845
0.16755723151328455
0.1739607183774568
0.1684371382837208
0.1682618841098959
0.16588169364314803
0.16751962176995383
0.16679018430724513
0.16999151147905792
0.1706272923859359
0.17396372687579434
0.16474098439302784
0.17474195601248227
0.16654717391792775
0.16803760355586198
0.16794485808986517
0.17013181930455518
0.1665420684358056
0.17212657925838587
0.16517357517110604
0.16908813654013458
0.16947494665691762
0.1662013637379838
0.16695627278494546
0.1682878736602074
0.1755761045082756
0.1715506101035804
0.16928861153619973
0.17603078519452864
0.1695802006292008
0.1664789926032234
0.16348363515376924
0.17310882019811416
0.1660861577250513
0.16282974238485048
0.1732107031705945
0.1710706779603992
0.1658359618039029
0.17203565942892307
0.16696740300258758
0.17236854854240197
0.17121123803750044
0.16595920495673094
0.16549432281603277
0.1715270561474179
0.16756404051550622
0.17079903879724379
0.16566143535921332
0.17184597285170994
0.16636622149538255
0.16901984986065782
0.1704169560730689
0.16977351042439628
0.17256661460964143
0.17321408363597854
0.16996746827900547
0.1647012182085697
0.16639475850838453
0.17451636983399194
0.16659017567449147
0.17246122338097095
0.16837382023991604
0.16990982063146248
0.16698562610332274
0.16551778161213304
0.1673224410640013
0.16328824449548693
0.16992570410767205
0.16320703746743537
0.16528556094353006
0.17161394998542662
0.17074958283885644
0.17030486471467923
0.17127554144728532
0.16999610722120445
0.169439440089773
0.17017741613107057
0.1721699414909829
0.16387634672666715
0.16962195440606304
0.16913518139472566
0.16501577020205505
0.1661661764962564
0.16898777948687232
0.1707070318213114
0.1652057452718924
0.1739943006196764
0.17072188524974094
0.1709950512386024
0.17027494352086206
0.17218091834083632
0.17361156674689038
0.16404569654357853
0.16643210516642273
0.17723015770960726
0.1647482189289618
0.16883168800442377
0.1690920042796994
0.1673418469942025
0.16561730202676356
0.17191194844475324
0.1647888738884479
0.17326176792206066
0.16708646676108435
0.16580393564536783
0.16447896783428984
0.16800574686232173
0.16837700989456464
0.16605414183531925
0.16817048292998674
0.16478067741662333
0.16733678720110706
0.16560505430430844
0.16296768931578084
0.17066072119303843
0.16605739917086176
0.17191614947946596
0.16202939905944408
0.16324849937729305
0.16739943240714972
0.16369320316043195
0.16551054706519974
0.16920731331316413
0.16175996325802716
0.16643063395672208
0.16936852588728188
0.16445400784350211
0.16412634043154328
0.16879900877237786
0.1667962530593024
0.16185570982457126
0.1701948591532508
0.168634676157628
0.16222591801860933
0.17191004144821567
0.1651347597315845
0.1768233084605803
0.16083684818170313
0.16489798759152569
0.16737027721932304
0.1602289918650402
0.16505576929195273
0.16676539686604383
0.17233931489609075
0.1652377406045849
0.1627591305683389
0.16330639817390674
0.15932193108314743
0.16357468758994803
0.16245871070705414
0.1662781099802885
0.16641952046513306
0.16939768523291068
0.16738759197834313
0.1662512079699627
0.162503887756065
0.16388688029032433
0.16749381238355932
0.16711824810379333
0.1704103642392542
0.16625330180987302
0.16487462661765154
0.16697621849296757
0.16068213536144801
0.16684686853334002
0.17357052100604556
0.1641314479766616
0.15976156999546787
0.16567784842549688
0.16383726257841352
0.15856503456313928
0.16711542340956073
0.16786402613931828
0.16619825164555826
0.16049171357441744
0.16426520495039934
0.16226679482487683
0.16934498280851232
0.16931509039505305
0.16430850392184987
0.16404929884656916
0.16818418219275474
0.15971620555158433
0.16726848130367786
0.1674130572784829
0.16858894349119952
0.16449640243362107
0.16867656750375545
0.16818509279912774
0.17161410488196008
0.15938203240598728
0.16634734629409614
0.16495629213464622
0.16393367383870475
0.1690359020877818
0.16424348713112813
0.16456440613268802
0.1639106838679296
0.167621508347563
0.16095179014578528
0.16440056637008454
0.16051504980083212
0.16158847800254578
0.16621570472478578
0.17432848539625606
0.167147463969023
0.16539208859206236
0.1613018327423938
0.16446020197933559
0.16866944023821134
0.17118034998288006
0.15844546273207333
0.16448562247767
0.16590448318433654
0.16651383935248526
0.16601769512774275
0.16605902857902063
0.1630871961560746
0.16651529418806324
0.1623715603379925
0.1618725457462007
0.1633591281627569
0.15494523921465164
0.17236734340640653
0.15991009013289867
0.16312491521485492
0.16274037530539068
0.16131397662207322
0.16221367023319877
0.16252962772202875
0.1631962232155661
0.16085475587998838
0.1702420855776528
0.1677766623502469
0.1571298632611498
0.1598857941475011
0.1636108612626938
0.15977790435079528
0.16077453367113187
0.17478668367412575
0.16482982126863308
0.16259218863136227
0.1610818859325714
0.167686897999468
0.16354791738592822
0.16222419989366926
0.16280790949692442
0.15718930995194197
0.1661726071519599
0.1597612503022021
0.1605420778847218
0.1554143638416527
0.167829284905393
0.16818420623456792
0.16257156213783616
0.16100962287881046
0.16241631626920777
0.16058428231709598
0.16753517746150098
0.16023267211347145
0.16371586117615763
0.16554164448327763
0.1603499086533982
0.16734218520057706
0.16500876436790168
0.1676456144095508
0.1675063454140131
0.15552268852818601
0.16626576976244126
0.1630943467484971
0.16850826383815226
0.15990742842220507
0.1603218475395593
0.16179342788220646
0.15766803264463936
0.16440471708907467
0.1651368192512238
0.16372183706943705
0.16220163084107284
0.16640685197780802
0.16454704117433944
0.1631239434597783
0.16312065986711358
0.16142268454801018
0.15809542150976394
0.1591393414157593
0.16511006207462553
0.161630154666795
0.16333099911237356
0.16178591219403557
0.16970159221512893
0.17079744717757867
0.16289865125118522
0.16121936442877438
0.16461891841641524
0.16154839922324382
0.1575473797963148
0.15685809085411279
0.1594666084876885
0.16058162654840633
0.160525376427497
0.1549549135500427
0.17016959749882515
0.16116194958429111
0.1632260776792135
0.1610002259475068
0.15867801343316063
0.15740653379075603
0.15634921197974022
0.1621533531247868
0.15634068387469455
0.15777432284840112
0.15877831204020443
0.16231113060794355
0.15756498512530395
0.1570711769897738
0.1713493847063841
0.15862976932483489
0.15898478921360865
0.16302091570998764
0.15163666600254783
0.1560345994587144
0.16141873952776073
0.15628100334571304
0.1615698071472863
0.16995471425033265
0.15635539279634794
0.16564102976976866
0.1609343028240738
0.1657504467913864
0.16096934552809394
0.16260696949346687
0.15530748103642225
0.16004848559687623
0.16005471622485376
0.16182600850886913
0.15515126609462457
0.16365027247790623
0.15606357025333992
0.1576096493881625
0.16658044055973523
0.15999095255116208
0.1515244505545057
0.15774653806797273
0.15573289195798184
0.1575825099119154
0.16122469143130902
0.15959822596136797
0.13829006659722573
0.13825661521670252
0.13760155775059246
0.13951601854070325
0.13952972980811756
0.1377791799366853
0.14008204855182732
0.1379987194481183
0.13851774817713855
0.13865064248242182
0.13824689441901578
0.13767118527914066
0.139955398278851
0.13779892248307513
0.1374898806408105
0.13976306711589762
0.13836801120661874
0.13842566987432378
0.1396442262976019
0.13859705785779844
0.13779881023244756
0.13947859805458046
0.13836143665806613
0.1373777658184634
0.1382222216471778
0.13767120383173329
0.1392647498264857
0.13700034795431487
0.13851461569873985
0.14063585728827716
0.13771933626929708
0.13864311710072105
0.14037483962748812
0.1370460225390229
0.13942620928353033
0.13821382286171555
0.1397587443015529
0.138221678511867
0.13815102426234996
0.13828275730177494
0.1386790238385763
0.13951565360772328
0.13649059011949374
0.13650279565582768
0.13714064820128063
0.1398894608052277
0.14040811118380442
0.14128464880161004
0.13885644721731225
0.1372964024257361
0.13896940092956875
0.1374881005372837
0.13659308446982438
0.13944625710463612
0.1381256585550557
0.1385136285431973
0.13745945495450457
0.1385686845316071
0.13798164818352893
0.1393254535287062
0.13714364697676779
0.13771736981183527
0.13749492403740673
0.13809142615297026
0.13807116653302415
0.1387266645683994
0.13902985730211187
0.1387648296807868
0.13953900564512373
0.13804495621480364
0.1369229701464934
0.13936114156394935
0.1386121896030275
0.14118783224016443
0.1381407386756282
0.1381353252767211
0.13858227407891893
0.137680593320888
0.13747438335808893
0.13922429847202955
0.13898417881245378
0.13911636121920443
0.1385392653707698
0.13814529967170114
0.13839166448329793
0.13950325952340042
0.13923604540476972
0.14036276730536607
0.1377193096569501
0.13932958611129942
0.1393725117337125
0.1361603658793589
0.1390443483443383
0.13898426776717318
0.1376540885179011
0.1397227038931204
0.1368221780800693
0.13767758865681554
0.13766948277069782
0.13816017683432313
0.13985888938525554
0.13642417965724585
0.1389890747070698
0.1378185008988575
0.1369613026177075
0.1374161160107854
0.13873585317946213
0.13912401724662096
0.13796082703296886
0.1372961667880463
0.14011272338567268
0.13680306387869448
0.1376469817513898
0.13828486553834124
0.13770128801140455
0.1377956519705671
0.13903970857253609
0.13733472210603978
0.138773226700695
0.13516381000559513
0.13985412379736772
0.13956026552278206
0.13649869961000938
0.1364190556153484
0.1396023891711392
0.13881062345769163
0.13774366260824783
0.13830282380887166
0.13887771206705446
0.13990771157923065
0.13489036965506082
0.1390770038533818
0.13809680026281984
0.13865901974794545
0.13875847944933736
0.13628041962243959
0.1412441348962175
0.13722028132123787
0.13863540778695183
0.1372418932139909
0.13579509811324492
0.13800352705604518
0.1367131362139298
0.13749177920815153
0.13786256601781552
0.13490347236039835
0.13772947688468487
0.13857493583299255
0.13687071664360903
0.13774663493962575
0.13926551462318465
0.13636675630984624
0.13797223423684438
0.13674999809089727
0.13788191332611516
0.13657677366147686
0.13879079930857094
0.13855448952401153
0.1373280554701916
0.13537448257854695
0.13877094638455034
0.13582171748865868
0.13700217139479468
0.13786654226280334
0.13920113665321832
0.1382149357775437
0.13731023654625435
0.1387524528406338
0.13550487008371634
0.1406955070811094
0.13629220063132155
0.13779553122413077
0.13681415526385565
0.13620146123828084
0.13961482424786928
0.13785248282506263
0.1378760020186573
0.13781043397468346
0.1370258145514422
0.13833543354988537
0.1390350645953154
0.13814712767483756
0.13702781518011103
0.13823842209705622
0.13699627078479204
0.1377589706575209
0.13807082334885967
0.13698870524635343
0.13529645433026438
0.1377431905896531
0.1364323480706237
0.13801029379132934
0.13584737044300438
0.1373302354457336
0.135826937894594
0.13658746889429652
0.13884752260878833
0.13850943306791022
0.1372894703808683
0.13501168014018575
0.1373268652998928
0.13652902981029302
0.1367490471655685
0.1371824003551153
0.13923420438539352
0.13886693161293615
0.13524760791061077
0.13699109356980294
0.1412083735680588
0.1358030793440213
0.13798333572410248
0.137478575866518
0.1388753488760413
0.13540098802560138
0.13794657585891382
0.1356574407053718
0.13901949136325936
0.13863220973971735
0.1388078499719213
0.13902532269235113
0.1358661812871064
0.13865051543708035
0.1348668035742069
0.13810572566861185
0.13437010708014335
0.1363647954412072
0.13553427118323058
0.13738351203280846
0.13712327297221766
0.13493210223306654
0.1408918843803702
0.1362182048981903
0.13572477119548348
0.13860341796168785
0.1380783344330499
0.1387754797313208
0.13775221321293735
0.13719761424929874
0.13831001710892132
0.1374015113877915
0.13578304561438162
0.1362160383099132
0.1359071475627174
0.1367059962749408
0.1380279147041438
0.1363299485439321
0.13723187188965724
0.13743103535453138
0.13715489879858406
0.13843085768122024
0.1344358873657474
0.13605964757238925
0.13758672874132433
0.13650502424236804
0.13410747172600995
0.13751317323697015
0.13518869333487887
0.13560805274457274
0.13699303079578706
0.13717384429952756
0.13871219131395945
0.13863522131599876
0.1373704403961138
0.13735615882974261
0.13669160122177657
0.14031854001267255
0.13805899308467356
0.13554586029427734
0.1358930960295956
0.13899171005387717
0.13418536848983206
0.13520648636101013
0.13717543013519817
0.1348461042731963
0.13933492839567801
0.13451706655993495
0.13941814273797076
0.1362168051363643
0.1351708490008739
0.1362597558397441
0.1368176356742424
0.13860460359572835
0.1384967351027284
0.13414626600972718
0.1358264816707241
0.137352927053041
0.13602757122216616
0.13802872514772652
0.1354688863644883
0.13822071906605668
0.1354066352239803
0.13832009160424946
0.13381601966738882
0.13618882509856728
0.13851559060360447
0.13423165965485134
0.13844762227831872
0.13534172085743085
0.13654725391162975
0.14000841949139683
0.13753589639599417
0.13334028828882855
0.1371681661907102
0.13771420657458885
0.1347407126890789
0.13550429910194195
0.13846775769700087
0.13511822937721318
0.14003648643571992
0.13573569203492664
0.13933076937947403
0.13516608603566144
0.13793629710454963
0.13548974796315996
0.1363940619446215
0.13739191514626076
0.13652028304465258
0.13825854580029512
0.13482614361963144
0.13726109596469643
0.13524837249291127
0.13308073817079122
0.1347295343350476
0.13584732398179228
0.13419715407789296
0.13941106253097335
0.13727599236597116
0.13428578318284665
0.13263287350353828
0.1356020883385374
0.13690852393146077
0.13476468119193896
0.13554570168206187
0.13810695881063892
0.13781323609792562
0.13473141763585467
0.13627490348893254
0.13611403704450184
0.1383301751893591
0.13465066881074578
0.1376875517686623
0.13400689230295218
0.13472461294552251
0.13703495998053078
0.13618238776534483
0.13532903422149514
0.13575372575558625
0.135109050512631
0.14026831165661496
0.13570770483829112
0.1342299786012601
0.1363245570412835
0.14064088147483522
0.13357741530818157
0.1364826621380335
0.13434112129287393
0.13705596966237132
0.13320671578787677
0.13597057950337235
0.1362764136924174
0.13307663065601544
0.1344423740696587
0.13785028800188912
0.13612356749784335
0.1344554952672141
0.13584516480164682
0.13804136485038815
0.1364860432593474
0.13697857443240247
0.13822676448873406
0.13568478457128635
0.14036821815749673
0.1338323063642486
0.13959966514049332
0.13434833566928667
0.1361290292358422
0.13896336768373216
0.135903559167875
0.13511196448947715
0.13284368430503915
0.1363382218355346
0.13873550948989033
0.1374821076094882
0.1377244347623007
0.13526652778864964
0.13606793365128553
0.13615619433668008
0.13687924462552656
0.1386604426914328
0.13388537218141774
0.13716875629622816
0.1340594670507202
0.1373373746970491
0.13722009146464906
0.1348759700036843
0.13277757498245285
0.13652204250718886
0.13463187473370145
0.13407955620889137
0.13458588390526224
0.13663929366223077
0.13778857368977668
0.13517816157385923
0.13698225643838263
0.13511005849098912
0.13585738124524144
0.13617002608469703
0.13544300139109428
0.1350958668752875
0.1369297233613406
0.13443360106969124
0.13302103953265096
0.13456726356607224
0.13578775305120752
0.13755353402255774
0.1366792758931152
0.13662006775761304
0.1357417071339896
0.13611150087840057
0.1360540442093139
0.13628435932454602
0.13650034094852653
0.13466204541880228
0.1378618132746673
0.13396346778197704
0.1358746336886417
0.1330334249386222
0.13457893016664468
0.13528278448621917
0.13708605040541427
0.13317089204713733
0.13737583994830424
0.13275157159817158
0.1352089409788612
0.1345724656405039
0.13831626087576507
0.13824376806350502
0.13342195927490497
0.14039447612095884
0.1334515982459735
0.13420533151427042
0.13709483316760157
0.13493249103727992
0.1326561091114257
0.1344305441401017
0.1352878229840454
0.13583964596037165
0.13558507610909448
0.13426947308641612
0.13771667115957598
0.13273426872141794
0.13411825091725507
0.13661671510743284
0.1349468961849576
0.1389151839501621
0.13610204793377198
0.13654693994647657
0.1348565442891279
0.13527183293889972
0.13632997135124886
0.13387327249460315
0.1371711666181616
0.13687500574527067
0.1365061071009166
0.13434185481123545
0.13179866769073972
0.1374097690570086
0.13291516793795244
0.13558261339236574
0.13821988885700615
0.13664023202967296
0.13522066816199105
0.13754000448822143
0.1361812113279956
0.13364122192713987
0.13937681348631026
0.13494789463201828
0.13345533461023681
0.1424318986880305
0.13582119042790802
0.13570251238697767
0.13429057739857045
0.13577258246398444
0.13363975585668558
0.13791113951270953
0.13502736569750712
0.1347905888315793
0.1354069010280717
0.1366656951488834
0.13937553943146735
0.13390122686291392
0.13576995808206246
0.13634403908843273
0.1356916873344137
0.13418794987329236
0.133314212196626
0.13524169973510958
0.13545074664032142
0.13615698688347838
0.1348406063215956
