0.828
0.8271
0.8282
0.8274
0.8292
0.8281
0.8302
0.8282
0.8302
0.8293
0.8294
0.8299
0.8301
0.8313
0.8303
0.8287
0.8311
0.8292
0.8291
0.8301
0.831
0.8314
0.8298
0.8316
0.8311
0.8293
0.8307
0.8283
0.83
0.8284
0.8306
0.8315
0.8291
0.8314
0.8311
0.8303
0.8301
0.8316
0.8304
0.8291
0.8302
0.83
0.8312
0.8309
0.8334
0.8328
0.8302
0.8324
0.831
0.8315
0.8289
0.8321
0.8293
0.8329
0.8313
0.832
0.8324
0.834
0.8308
0.8355
0.8288
0.8324
0.8329
0.8344
0.8312
0.8307
0.8347
0.8316
0.8321
0.8328
0.8355
0.8301
0.8313
0.8333
0.8325
0.8326
0.8331
0.8342
0.8347
0.8342
0.8338
0.8316
0.8343
0.8345
0.8331
0.8337
0.8347
0.8342
0.835
0.8351
0.8343
0.8341
0.8339
0.8354
0.8352
0.8354
0.833
0.8353
0.8339
0.8334
0.8356
0.8349
0.8332
0.8355
0.8341
0.8367
0.8345
0.8356
0.8357
0.834
0.8356
0.8329
0.8348
0.8381
0.8331
0.8356
0.8356
0.8342
0.8366
0.8363
0.8349
0.8338
0.8362
0.8362
0.8382
0.8358
0.8365
0.8359
0.8385
0.8352
0.8349
0.8379
0.8396
0.8375
0.8331
0.8361
0.8356
0.8354
0.8355
0.8346
0.8375
0.8381
0.8377
0.8379
0.8356
0.8375
0.8366
0.8356
0.835
0.8375
0.8361
0.8356
0.8387
0.8366
0.8382
0.8368
0.8366
0.8379
0.8388
0.8385
0.837
0.8379
0.8381
0.8383
0.8364
0.8405
0.8406
0.836
0.8376
0.8369
0.8381
0.8371
0.8374
0.8382
0.8419
0.8396
0.8385
0.8398
0.8377
0.84
0.8401
0.8388
0.8383
0.8402
0.8393
0.8389
0.8376
0.8404
0.8385
0.8385
0.8404
0.8409
0.8386
0.8369
0.8394
0.8394
0.8398
0.8412
0.8404
0.8396
0.8408
0.8397
0.8397
0.8387
0.8412
0.8405
0.8396
0.8399
0.8393
0.8394
0.8402
0.8401
0.8419
0.8404
0.8403
0.8416
0.8425
0.8414
0.8417
0.8415
0.8402
0.8411
0.8422
0.8415
0.8402
0.8395
0.8408
0.8413
0.8407
0.8413
0.8414
0.8418
0.8431
0.8401
0.8418
0.8412
0.8413
0.8404
0.8424
0.8415
0.84
0.8387
0.8411
0.8436
0.8421
0.8419
0.8419
0.8431
0.8412
0.8422
0.843
0.8423
0.8404
0.8432
0.8404
0.8411
0.845
0.8442
0.8411
0.8413
0.8436
0.84
0.8426
0.8439
0.841
0.8428
0.843
0.8434
0.8455
0.8432
0.8453
0.8419
0.8432
0.8429
0.8439
0.8443
0.8444
0.844
0.8416
0.8404
0.8455
0.8442
0.8436
0.8429
0.8433
0.8422
0.8414
0.8456
0.8447
0.8429
0.8441
0.8432
0.842
0.8455
0.845
0.8449
0.8445
0.8448
0.8434
0.8443
