0.21259373381459024
0.21190004502899243
0.2118101464281227
0.21151374733390207
0.2129439314999085
0.21235581629047565
0.210099497724244
0.21141322310080177
0.21357465106181728
0.21209445796901308
0.21213936210034506
0.2124317093488053
0.21257795242973967
0.210198965114419
0.2137125068757489
0.21054359867415467
0.21084977726802928
0.2114473112408045
0.2124451466157133
0.2098615386322758
0.21160819492828814
0.2081096489889426
0.21116879960328636
0.21097881324912787
0.21263955103088206
0.21146263809188506
0.2113390035946181
0.20917993364894896
0.20981891968615426
0.21080735741244325
0.2100759982741122
0.21054962331136767
0.21163689480189593
0.2096832474626698
0.20997715583456142
0.2118568468139558
0.21123919621893492
0.21101132916933657
0.20931121702691863
0.20948866530073365
0.21126556888986184
0.21177198510691056
0.21012216847682402
0.21179404673128416
0.20895890613569343
0.21026004369437418
0.20972744503457133
0.20986860587161016
0.21069788955837104
0.21126058604435446
0.21208105217439743
0.20961352896751037
0.21117205882064485
0.20699442717931876
0.20947471500515674
0.20893899291608964
0.20971487387930368
0.21068996533654097
0.2106354325509216
0.21032181006523643
0.2110096964962871
0.2111908403074338
0.20822316863313
0.21262100171058784
0.2095327217438777
0.21191291758622616
0.20921391113453472
0.21179368139345386
0.21011456434098483
0.2106559441534535
0.20992582651787406
0.21104102678796238
0.20925909571910367
0.2084237057707014
0.210029071639899
0.2101830166229437
0.2086444232844531
0.20956743209608192
0.20843236823637126
0.21069558159375804
0.21022979676148648
0.2076680430769638
0.2097168688938958
0.2082830035887897
0.21083056509480153
0.2082855280411568
0.20743170251130644
0.20895231639892628
0.20849017303120135
0.2086504354917648
0.2069894916454782
0.208985939905198
0.20888859153964923
0.20750052061628751
0.2080039820212276
0.20956719273218746
0.2083855444676163
0.20597866600586784
0.20862290200159522
0.20949147901608436
0.20826148808125294
0.21112966867433042
0.2077582585508976
0.20804009930442063
0.20901639441851919
0.207355484924435
0.2088985482908853
0.20770816681516308
0.20997169731112525
0.20679292687372647
0.207916823858185
0.21097330343967088
0.20943649879885878
0.20682495109801513
0.20990911454913283
0.20556721177607082
0.21035818553734678
0.2073867582252388
0.20932168630266662
0.2072437730527102
0.20641736834506652
0.20823576945701064
0.20597563477778644
0.20786173622209897
0.20767047082534576
0.2097584394908237
0.20719916298750776
0.20698505238204817
0.2074740949354184
0.20537052776918102
0.21033838364311794
0.20855855505440157
0.20683202387574381
0.2050927951364394
0.2064522267289881
0.20578575960825463
0.20922519034652529
0.20701786551694573
0.20832406493586264
0.20744264044471858
0.2071308297419409
0.20772491600356774
0.20625495960457854
0.20472414443131376
0.20912940606421787
0.20604949449375906
0.20733080655975997
0.2090115329833398
0.2073879003487593
0.20558853538609484
0.2046471060561085
0.20719578931497762
0.20696487039101735
0.2061369437442649
0.20607410724889666
0.20586252120707274
0.20693713712987433
0.20836811384221882
0.20306162684161114
0.20558235196388855
0.2078043231635637
0.2056857735993253
0.2066247526378578
0.20354616113132457
0.20580874071499844
0.2045380436374949
0.20442147199101118
0.20878572393895292
0.2052646883967048
0.2032852867379514
0.20642313288502967
0.2057434121213837
0.20438174272917284
0.2077850206883268
0.20290471701505336
0.20408655632428047
0.20468775658203375
0.20616827039498084
0.20602606586787794
0.20430168335582294
0.20598421940955175
0.2061733714406151
0.20554666281010875
0.20440791389885585
0.20655482588822677
0.20744246181446635
0.20829381706965
0.20248920872389423
0.20549280609095405
0.2049163250498422
0.20634049609046254
0.20305858128176862
0.20584521496884506
0.20482840748662823
0.20264120662745372
0.2039153981966138
0.20424717413225837
0.20363057719683897
0.20485997730007338
0.20160661905561908
0.20395695299590325
0.2036887801081156
0.20408584066002516
0.20789825220849578
0.20560154305480788
0.20163924433039598
0.20846639575763665
0.20143570254394955
0.20250284677772873
0.2037251588952998
0.2042343247218979
0.20248542570626685
0.20169692362368857
0.20537947477553714
0.20146772157852752
0.2072111761308509
0.20131103102392944
0.20379861072284755
0.2026580933219196
0.2029704830215951
0.20260069973772438
0.20391916966031384
0.2037867664391048
0.20138993105271452
0.20350462783145
0.2026988793953032
0.20272048727866882
0.20124137892902957
0.2047733616691764
0.204140371146153
0.20569915868188735
0.20254028280799222
0.20230488794245688
0.20314510005780856
0.20262612181077744
0.20293418306301464
0.20320862068022913
0.20228955028129714
0.20466084242661955
0.20272073898338766
0.203394850040698
0.20452880880859076
0.20425902774016902
0.2018650772139306
0.20162239484553904
0.20431996540786773
0.2035766918688083
0.20024593091109014
0.2032534361353248
0.20125959448587755
0.20198138633358295
0.20258969393031978
0.2021910175068486
0.2037139889533215
0.200497943036741
0.20369753000839844
0.19946456159828696
0.20257350902095506
0.20632466355773255
0.20200356331879168
0.19969035138642707
0.20539601291881518
0.20242854130327234
0.20022926290371293
0.20277445640964192
0.19919614249912349
0.20059028935334333
0.20292029939222375
0.20002383029668266
0.19945108230866052
0.200498306618682
0.2020291245891072
0.20423836461081563
0.2023894532102259
0.19963455004153186
0.20085973362145518
0.20048377685716856
0.2032346151581877
0.1995767191978835
0.2038510881090816
0.19796021727218124
0.2011467597083627
0.20099192534975535
0.20182352914882656
0.20256702474165977
0.2051809141118957
0.20154663946318233
0.19975958585980044
0.19956057664897975
0.20018692322981807
0.20029526261547925
0.2038221823801114
0.2034064302575323
0.20190912526665733
0.20083025414345893
0.2013479760342566
0.1982398131513352
0.19908695567270657
0.20117213017635818
0.19830425267754775
