0.07977472844997995 0.024389603049764685 0.26682346080838065
-0.12568084564793708 -0.08137779373254356 0.09183984123409725
-0.42470733553219714 -0.10427247312244599 0.19721489112857457
-0.2786273851491164 0.04177076266612201 0.3774884325742691
0.10678363866922767 0.03262354628658263 0.18836029621659098
-0.3305412629780363 -0.3056338715706041 -0.27426811090010367
0.15513665325193962 -0.12465773879042757 0.12689851502937663
-0.17538993605807074 -0.15264436019780242 -0.33053616230651955
0.05655568111979301 -0.04922796199444427 0.23265355225025675
0.14926431623268133 0.06623839311454542 0.17993699008622446
0.16578570083376337 -0.21589652606153556 -0.10047936254952898
0.005383632027120374 0.0018955279087538644 0.16304397692420486
-0.24291201351590275 -0.1952942969647835 -0.3483603020107498
0.10239419090357849 -0.04873889222233228 0.17574527064550452
0.3487390584124565 -0.2019842427493402 -0.3672771759691837
-0.28970696307811633 -0.20841053075525723 -0.44224041061944774
0.07839780710199871 -0.053677060854018833 0.0919861270931446
-0.3484521319089775 -0.2485921469313352 -0.2510106916592345
0.18421345712802278 -0.062303276345292986 -0.0038708343998637667
0.2132924761466028 0.02537586190060203 0.3058721456073223
0.06145335918707056 0.02736368652877368 0.35477462164034446
0.20807423599513544 -0.015939549639512465 0.2219916312045947
0.14526463100292533 -0.03197990699063977 0.20246676823122386
0.2112337040132867 -0.0723249160439059 -0.11380221148501642
-0.25803399661073306 0.12016296429852955 0.37964983144517933
0.15652934575468663 0.030153069380327326 0.298862980293044
0.4988382201773397 -0.16220330836908228 -0.26158474671608895
-0.08427728039178957 -0.20848952159763537 0.02458914235427261
-0.08790212821423471 0.04361300713602411 0.4193877834073354
0.2456247262755775 -0.001453176310588935 -0.024588318091468917
0.06791195690558668 -0.07594866601436849 0.2548027320789047
0.18225879036068715 -0.10491368962336814 0.036406595156211564
0.03641909738670943 -0.010808833778209728 0.37026375145149926
-0.2503659547999806 -0.25631091838497305 -0.5357592141089933
-0.32462972927071093 -0.1749325614190599 -0.35667376960749
-0.31112472778142736 -0.23078412808705395 -0.3103666971938382
0.16356295075841776 -0.10129589800602705 0.07167993758882858
-0.11139511003533675 0.07045902407134555 0.4572848330860477
-0.015602957760117874 -0.061109515144171865 -0.061278560807413444
-0.36987907750644244 -0.29979756573021965 -0.5225423923012703
0.2769089228810681 0.015138450695787772 0.0587201058693428
-0.01130127833041062 -0.08362425020967039 0.28003049134089897
-0.03729093241075404 -0.09810103502078975 0.1089331488390858
0.33695629350983725 -0.037211083856548685 -0.0680235748352915
0.14669855015401978 -0.03816465151271289 0.14757898121354782
0.1595250151250205 0.017143106067116994 -0.00994149425987838
0.32577012820432516 0.024193775842655176 0.2001326588021111
0.09784848261710814 -0.05528014727756065 0.23079316207771328
-0.15484798237208353 -0.1697057209646564 -0.1293399008028283
0.41625533296286166 -0.04741702546901636 -0.141323960019603
0.11133118160728415 0.0901850182270548 0.2211399389189561
0.2478951844438265 0.11636854648170009 0.19553601134656115
0.25498570916771335 -0.03836515469226114 -0.1827589342486866
-0.20665151335735962 -0.11204266478350423 -0.6849703838272795
0.09215683979837382 0.09046604078833911 0.3942795199145434
0.13740526301096787 0.0186930870675413 0.18799638307473202
-0.2557343444579395 0.020400329839709307 0.3120216687641981
-0.32934382528103356 -0.16262464308268704 -0.35165114492967614
-0.3433322466105791 -0.26506450073476895 -0.3668483133268936
-0.04509323721041535 -0.033735246540466876 0.004246006080131915
3.4525075323645256e-05 -0.13709228167556003 0.233903371407155
-0.38096343746768974 0.05653482274262131 0.35967878992552893
0.05751916579217989 -0.042322372172301344 0.19500126998898595
0.34992614240583825 0.05357821371075752 0.12756598742912986
0.25068951495524494 -0.09208855678310149 0.06068393433630709
0.14428802279833092 0.10187284279450297 0.2842447775886306
0.3832103892884917 0.023165713151673987 -0.11334351633432518
-0.32770647996012353 -0.15676548553696612 -0.3610553597946871
-0.3470998544345371 -0.18013191479856275 -0.33894159231191645
0.18437764991035618 -0.061761910598535266 -0.23621466013198975
0.33286723971487664 0.021670604610015007 -0.1393012456397676
0.3610982195930811 -0.17908900366595054 -0.20678462227927819
-0.03285260889380394 -0.02904688747833933 0.2392308344481551
0.1379321779155279 -0.015269056517710195 0.28754278760444324
0.2715406166256121 0.03528936315120705 0.13903993224536085
-0.14916470809968482 -0.2423089229899101 -0.22161554964456098
0.07507552009048131 0.03633747014585306 0.1658788725122173
-0.603503715000255 -0.08641577074418146 0.3010671644889615
-0.08002202574286943 -0.14963217447001342 -0.5745901145338298
-0.2186988905396632 0.054546320792839255 0.34960947383781554
0.28965859733547833 -0.08931531900912032 -0.1013692436933202
-0.2646330387424487 -0.21952282858652675 -0.29880761664650324
0.060306998201695286 -0.028468224716386614 0.2651067606907317
-0.060041247387151046 -0.10956585573527457 0.053401112912217545
0.16588583434487497 0.051398109571205434 0.2054979567699934
-0.2714886736828627 -0.25261107198678223 -0.20678349286732417
0.4000037212330382 -0.02216914694171115 -0.1029889057203328
-0.35666828331827877 -0.22829149796525466 -0.487558902459268
0.2713243476629785 -0.011246166047766586 0.05348188737055069
0.16041426501711367 -0.0967411488537864 0.12462124356516187
-0.33557764718071154 -0.18863882388291653 -0.2691390946401616
-0.19543958639662623 0.010903606682372051 0.3272841863399801
0.1829224734571588 -0.030710807633858913 0.0817641509452247
-0.3128439603111872 -0.17138961677603606 -0.1816584484594071
-0.18991805892411004 -0.011737169883049502 0.2191857554708188
0.11767746821936619 0.01349792666795409 0.13017159050099217
0.36292798024383477 -0.103222291991772 -0.20339646535685238
-0.041161824661396416 -0.1049805603683454 -0.5999196973555619
0.37660211792908155 -0.1393408806819321 -0.1329931116420016
-0.08931408794789301 -0.1389176939007693 0.06476353604286048
0.03607763204910363 -0.09144065926831173 -0.343767783355086
-0.5355938242914277 -0.019900439292413807 0.3179747443597803
-0.4330761457785757 -0.2637226224133775 -0.5385928525993656
0.04706925394886667 -0.009071054042707062 0.15246715899707006
0.324650242314167 -0.007744553496962298 -0.12298209020550832
0.0983608476690231 -0.06589824117486415 0.11036110965548566
-0.2898130563787835 -0.1946092535659972 -0.32895502206759514
-0.009265313702773644 0.004478564561555061 0.2245889134994621
-0.22618326492177196 0.03886663018180404 0.2896290830780684
0.039890145528053915 -0.005586754774395093 0.3128406908752026
0.13581146372112962 0.054870359598799226 0.29548925759806394
-0.058104246424614925 -0.12653116489136515 -0.2171131673411622
-0.2556091285306442 -0.17716394956693862 -0.3701898983999254
0.38440095590180495 -0.05126868033139659 -0.19348450087516691
0.11232932049281821 -0.10875857624143746 0.15605508419651104
-0.30929624686816604 -0.2638511284432785 -0.41634666284049393
-0.24298125960963807 -0.15896511630961363 -0.40884175858380933
-0.274032601281353 -0.20933371741818146 -0.4555823956094602
0.24379939612917842 -0.08543390105041072 -0.01343566031396157
-0.3794103899532487 -0.12377486507179701 -0.10309155248898706
-0.09268990908389556 0.06750224321264435 0.3400485524460378
0.06221172034444099 -0.0520441318201802 0.20249974187814176
0.32994094274904257 -0.12934842178442724 -0.2985060324688017
0.3176303293596463 -0.043339470908329965 -0.15000339775656577
-0.25298216387848327 -0.2415071235131207 -0.26764717270396654
0.2718109362976014 -0.06925686132953461 -0.10764925150190716
-0.33147726508689096 -0.1432969708092217 -0.3914444851935252
-0.09425280070317257 -0.1278762037920653 -0.6119065151924394
-0.5520586033900136 -0.19020827469542428 -0.14053866976580617
0.15214596269613664 0.028552445947642516 0.11432506713706612
0.12198249187694518 0.05195210058919177 0.21861534157340487
-0.20459168525905574 -0.23649354887833754 -0.34643326223755505
0.03159636628181678 -0.079188031337556 0.14545139200456794
-0.103982030248476 -0.07038620043897625 0.199350534098573
0.22268940586761632 -0.09380539295110081 -0.07124851234328748
0.2152703115461092 -0.10423638725518702 -0.2518781453536492
-0.1862760554003194 -0.2043515356619516 -0.4574660927330002
0.0972184953193008 0.10149401378233386 0.3108116220894156
-0.3430806027698618 -0.19910014396563117 -0.15059629689243145
-0.25905488656905695 -0.16999883238564598 -0.20668181193222865
0.3304844098929193 0.009653782937144426 -0.012790724235158082
0.03828807405641382 0.05061888207393941 0.29087698264671774
-0.1870131313672681 -0.16725925081810547 -0.39602567747312767
0.12324594543151153 0.07341433228749884 0.14756728378550554
-0.03637198839119231 0.03628715328226095 0.47945681963000636
-0.1658114186051387 -0.14071247009816035 -0.23607479833234923
0.08050194985423562 -0.042084541473594854 -0.020673977722972987
-0.40166421809032465 -0.13990857710335824 0.1294892852555489
0.19214340822229592 -0.013274144729564267 0.05928729077432975
0.20681087222339897 0.025662103205076243 0.00026509509830904864
0.3805111399403035 0.044847269883575576 -0.15234710446179675
-0.0898489444343165 -0.20717810223309463 -0.309476797655723
-0.3764865350467125 -0.22177011163958837 -0.46972299050915284
-0.11796695162903195 0.046924970007439 0.37036704344737903
0.1468987329179363 0.08386361319552085 0.19457603165971354
-0.24478446311543278 -0.1627285599938286 -0.36958515727927305
0.22011083542562696 -0.002807756718178432 0.10588381960631263
-0.7180910739732408 -0.1137609409459426 0.15274852000111885
0.1803960080468423 0.004754504578839162 0.1538287477101606
-0.035582304976063746 -0.02510494663425289 0.4492018714656764
0.02349511260156251 -0.028482389256573426 0.14070743389833928
-0.19114281746205675 -0.1933192446955321 -0.2721957785469376
-0.24873098418853953 -0.11974183863918694 0.0880823197047417
-0.1904664085611128 -0.09340232426081996 0.21452650986410807
-0.11965635293936709 -0.028229214990324186 0.19102893357056314
0.15148399361739237 -0.00970363177143367 0.15310455736837736
0.2531538756856719 0.09183539441228403 0.15796432497941534
-0.3034829050090112 -0.21892477512954567 -0.3797508230584153
-0.2860249277654978 -0.0944526386362067 -0.05834737844948726
-0.14890785939761453 0.060932414362886975 0.44861874619043723
-0.11584541468930824 0.005935238784715063 0.257580577224461
-0.08803641146396486 -0.1432573384654943 0.011727308976125145
0.2019023366941165 -0.08461620146352691 0.08880260498761297
-0.21821270266143666 0.04282353622301445 0.27885826506863265
0.01930686317758189 -0.08315334968773783 0.23343992666056013
0.23523209339605872 0.06182940009992964 0.036769700923658555
-0.09251522308258682 0.0453904827570481 0.44890393173912985
-0.3125509734081931 -0.08928181293262108 0.05630405358416255
-0.31032748302367974 -0.2438770090192822 -0.5079320977821149
-0.35535370838232483 -0.328684670839867 -0.497686547585249
-0.2983312849543386 -0.17673389484595578 -0.32403909762533883
-0.24089607676072886 -0.19013234776456808 -0.4149145232123059
0.17789404144094798 -0.022054405557999954 0.25019808172079017
0.07763667293339539 -0.12714445774423175 0.21607277537454886
-0.5272340078859279 -0.16849665492903734 -0.23203001204471202
-0.29643982525685425 -0.1522501026262209 -0.2795126659942414
-0.22772984427586276 0.08269290473739126 0.45139732424055984
-0.24205101762413345 -0.1992282973902444 -0.43492700496986003
0.2459272987037895 -0.03571145920501175 0.00918306709268676
-0.11488790943579937 -0.08196312013166006 0.2796331809360283
-0.19497154419701077 -0.22597555135739433 -0.4829112744940861
0.2607953498192688 -0.0412302087381076 0.04858714828968644
0.1393375929930254 -0.08265896224801278 0.10777652141917463
0.18448028102260486 -0.019323941892518137 0.05175373106015575
-0.29169555190213864 -0.2495490036620246 -0.44764559381892205
-0.40380801458171534 -0.2063874472497757 -0.28248490525545683
-0.05481942394911201 0.07682150013892651 0.3528656974394686
0.02476665591013734 0.05474086067915311 0.25882279004386444
0.17860302294367472 0.010296369234758336 0.15576167844402417
0.20918708153163942 -0.2553657292056039 -0.20402244603455394
0.09621730293722915 0.002513328174766515 0.24959210360936254
0.20326681194278656 -0.017990608445935717 0.01257281816959059
0.29610553819120455 -0.014679873146246143 0.19489546766328072
-0.11770245601529758 0.0538646591067114 0.2628928627262574
0.1617852630277357 -0.2296981744489651 -0.061704276479546474
-0.2891015563918387 -0.1788598027701933 -0.38178536554949816
0.11718020040117767 0.080602071357941 0.40769323241769984
-0.2865251696488834 -0.1776433482012954 -0.33434655475838837
0.03095261004943865 0.0527727992549414 0.31729097187523186
0.005394137777429386 -0.17913557153979404 -0.08633071157395639
0.2875717145709244 0.05275077495044601 0.1131108609751902
-0.20011997800489967 -0.15177926859448976 0.11841810793438495
-0.08207754287285318 0.11168991111214795 0.42712475040544573
-0.40830208056383716 -0.274365928690406 -0.291684294497002
-0.29333183607460267 -0.24571056965687324 -0.3284952279478774
-0.3414821385735201 -0.2346514609432704 -0.3269223891285218
-0.4421377688056415 -0.16040727635716506 -0.1811588367862805
-0.8215915745525268 -0.2788391140210988 0.06224477159739857
0.1822758856242489 -0.08754435743677988 0.20932015481062857
-0.06821147964298574 -0.14142526001864933 0.1909663204933333
-0.06984231017540217 -0.07026119066986727 0.24098908036647274
-0.33665191757355445 -0.19196721212190102 -0.3451438844093149
0.021333197384835533 -0.06226558422015356 0.1946621926942133
-0.03164483120746382 0.07827167581200375 0.32699118337652
-0.3278554997765025 0.05751076159367388 0.31370359505985357
-0.46247095202670047 -0.1644188159959254 -0.15809425355570916
0.036714293164020764 0.03636019082744925 0.21891528670145619
0.1261185407653268 -0.07799304700634599 -0.06342616997706145
-0.11848673328951993 -0.02160562736043571 0.30381755282233797
0.29728298759690064 0.06311598144755991 0.08764829817447287
0.1306426989544102 0.020602021918628966 0.12275396218797156
0.3799303026579915 -0.05490790090276665 -0.48827474968255424
-0.046444720568315015 0.03178250741375342 0.39736566274070306
-0.3237341152487491 0.0951846717430212 0.38633207532414604
-0.028101898622852377 -0.04318013125347461 -0.1856055395684375
-0.3764548124894616 -0.17581887553801637 -0.3480152447006116
-0.07580107309783433 -0.2220473126462719 0.050696140764983764
-0.14163888752389278 0.14289207031796966 0.3890563475895068
0.010396873048216796 0.10014982377844217 0.38141104671135756
-0.3552993190625299 -0.2731525387061322 -0.4774797751806631
0.09278364053194743 -0.05150029191331233 -0.042149227069424124
0.08535570718344083 -0.11834160754083865 0.08310031564212271
0.2844493723808849 -0.04113217778202656 -0.241182538807532
0.40064297051092784 -0.06257036208907733 -0.2879155490481996
-0.21356153628643462 -0.2148812413792743 -0.36988442693078905
0.21902145869569128 -0.021446393428775908 -0.01801164900849194
-0.2689115929911319 -0.18938695840849068 -0.4158942408781639
-0.3319839768205231 -0.05758634303429816 0.27394659156410833
0.10397937987721563 0.041582436371805996 0.16291860738720085
0.0287895532251288 -0.0681041663945366 0.08603111476284211
-0.2806254335293509 0.02654186758505767 0.25331846070215414
-0.2795936621656707 -0.2050229673828903 -0.08616869294626814
0.1399175354797216 0.016244059220617314 0.2804345002764601
0.07178459367874619 0.12812688008674916 0.37317117246185066
-0.12227902343562799 0.07997467610773218 0.30719197096502143
0.0397059159656409 -0.03260392235153499 0.13415221518617762
