-0.16452300764407263 0.29308496490836394 -0.16096870501471253
-0.15281359731187744 0.07177127116250906 -0.059812199059338524
0.0756133965540521 -0.3441176713232353 0.0920615688622814
0.19944079621449293 -0.04503858920479856 -0.29102802439374464
0.3035464970269767 -0.03435503145722983 -0.030960838268555564
-0.1045144410214206 -0.27992247883197385 0.4108648125412616
-0.059613848642943626 -0.0005839905907397144 -0.07488639555620287
-0.35547552247282366 0.031121494692095564 0.10863369636402812
-0.0051154605034986304 -0.1170565116823228 -0.0509533046097599
-0.13659224048412444 -0.12947331837302523 0.19402561166211485
-0.32864088651591294 0.5595571729176021 0.11932224584144356
-0.07262548123467495 0.039578406808049395 -0.0772511561103572
-0.01903018413231106 0.31917355266491626 -0.10714636773546843
-0.007117536570666322 -0.2956894273675484 0.2353544265676543
-0.21981470178836668 -0.1831366734983779 0.37405283677074713
0.06316518806052517 0.06123571589643568 0.25998114541089073
5.21153331460188e-06 0.1302712966575962 -0.1052685940379333
-0.20691920478883624 0.286055869191624 0.09179242052216888
-0.15879462754636414 0.057486923679639694 0.06627319985441882
0.03617087251598309 -0.20286684871398253 -0.04003137111499802
0.09192830826457762 -0.04184244998699854 -0.15989114576774285
-0.13788622967718248 0.16474251911931462 -0.025376657820419608
0.07675294740995953 0.24353426508155993 -0.17426056140058152
-0.034525329894499676 0.2210926242786819 0.19184059372878093
-0.06469631382284723 -0.141108643645826 -0.09788295197060656
-0.1780519864585742 0.12712176243349782 -0.09941305411164515
0.15889757018238976 -0.2875139637469809 -0.11819354337208199
0.15446337009140207 0.02221697659794111 -0.11957896243766665
0.1329707483089558 0.14231040388023908 0.04111931651853625
-0.33970485060341665 0.28467553015139124 0.15192771430753055
-0.14297158820469255 0.09038050172119177 0.016372800267823708
0.12028367346486017 -0.1980400416732156 -0.17478898349344038
0.12283364381710213 0.08913719635112 -0.2497014668166293
-0.01770157880365184 -0.00218414384240876 -0.12204878214758846
-0.13973102523554085 -0.00974164963844925 0.07590008263851308
-0.051109307098083985 -0.22586068218723457 0.3376403642987022
-0.04790990774833734 -0.2786532660866473 -0.007054214442972706
0.04996378452734002 -0.04875733598982246 -0.15481743789436433
0.13482628836519042 0.1873080926054257 -0.037482202939845465
0.09038622431087716 0.0711778832907922 -0.11602013033490798
0.23572465180665547 -0.5966314502203618 0.4868957540332902
0.21813826340950312 -0.15776745837399278 -0.14821222216416988
-0.009533489566855012 -0.3012201861924691 -0.09180934983536779
0.058167874927226436 0.025265346630070663 0.04098835965001382
-0.14030666376563075 0.2066452165075023 -0.24111604348331642
0.021882883920514185 0.11072334798704198 -0.06271191411471443
0.1660406756191202 0.18371874821592193 0.04315660719467644
0.4242178708434499 -0.20388338252374988 -0.27283256466602285
0.17626704202354201 -0.25874025738165746 -0.09977864259602608
-0.10975284200878119 0.01885238685025851 -0.03697208272314594
-0.01248843976654477 0.13284039753547916 0.03111430794641291
-0.02307077718526786 0.014808901181799108 -0.27515883192387924
-0.14588720463156143 0.2808106126943647 -0.22654175294746706
0.02009807091712163 -0.05227892519501951 -0.23024957680610286
-0.13694038590806393 0.1632339511582077 0.07494593769511815
-0.12098580514874 -0.149599451396308 0.0041386259379978365
0.06022004441774985 -0.1379401523745862 -0.19167077839422803
-0.14101453706784786 0.15893730083916402 -0.2114085295554243
-0.09618461674503698 -0.07018330362834409 0.09542094426365226
-0.06566693996684986 0.12610366186230812 0.0677290869596624
0.2717636359823733 -0.12163022057783363 -0.10044053674272845
-0.1296430140132345 -0.019690138843106535 0.14591725357265148
0.19840209331936584 0.15731487122548116 -0.34622645990901413
0.15202970509749522 -0.01269564617768229 -0.23534616208512366
-0.09094309076210619 -0.07326954298070655 0.0701906136934497
-0.047525935852315446 -0.1267170432663644 0.008536119997890012
0.022658890532915033 -0.11224308874188525 0.0047262023650269155
-0.3263338607148204 0.33621392217886903 -0.01684966962177199
0.19100721321749772 -0.19907863519260344 0.07976781574056939
-0.013057333095928103 -0.0688036305506017 -0.1836684086912456
0.053303734692292194 -0.3699473419206352 0.11043865539249392
-0.04294425419818779 0.19061162153641079 -0.12456336602997137
0.08700391471483236 -0.07479601549454938 0.2302925471728581
0.17533832654353762 -0.1862171024106968 -0.09810460081520328
-0.06875085437285657 0.14615501476674958 0.03432838939154238
-0.3130314063433335 -0.011279656337571203 -0.018442677104430625
0.01650348670237449 -0.09526418627679033 0.20100365078659554
-0.049572761097675305 0.027194031711564627 0.07622491337638541
-0.05501048285818568 0.13795209539679493 0.03330119605739637
0.14566231644663896 0.07256736336667804 -0.1079462458025271
0.16974178558194974 -0.19043538800741353 -0.18487170928501187
0.05895530586050522 0.023859100716615518 -0.2582127318892585
0.0626588488720706 0.126230949586465 0.03404305527531542
0.04694088091568926 0.2489668291296642 -0.010057749463930623
0.0025893406566794867 -0.17054912097775793 0.03478557034101143
-0.05228177862663451 -0.024900004426617644 0.18542567563647436
-0.1715009975566527 0.14233795634369092 -0.1311228502813874
-0.18572549635702357 0.15997738453253665 0.24869589445446708
-0.10521397135463685 -0.08736006815256193 0.28360051308455597
-0.02310643711320339 0.23128220375880623 0.30801292968281696
-0.010473829342930273 -0.021407932876586475 0.11073329613275774
0.24447258032220584 -0.1549799660618179 -0.1507151364891893
0.059579254624264694 -0.05122372394768478 -0.024281529845420084
-0.07098508576965598 -0.16578592481787383 -0.13048429759424487
0.28659292686029525 0.010755402376967588 0.038477094774151496
0.14849257798610285 -0.14072582142505025 -0.25827417790028373
0.22731046932332993 0.05665438033586216 -0.23200545916029205
0.1245645194670899 -0.018378729702807767 0.0008698847645874341
0.18397749179507727 -0.14639357896995567 0.0594448088367257
0.05890039319842776 0.047241647928980425 0.08106383755386797
0.13376518864308556 -0.11500395992796597 -0.08374621158556629
0.19101190632996218 0.11922599415740749 0.056714992886378074
-0.06896277507071288 0.139170677682581 -0.035944443215950056
0.17581140643413093 -0.14441144550756818 0.2753236430132759
0.013073904256060837 -0.16374142610617545 0.2165639426818036
0.005937999652725521 0.02029670973340179 -0.3734976655312799
0.020000725838086222 0.26328756172440787 0.10262420367399623
-0.04927193304643738 -0.029547390631619576 -0.0011279580801673462
-0.2833659193423128 0.041639119151542024 -0.016252474168163382
-0.1866353658649094 0.0980339679181335 0.19543019428124242
0.17713069424057032 0.23651975264656705 -0.15248734885715998
-0.03393030862362992 -0.11449675959253927 0.04368314690560085
0.1293009129543964 -0.04079972315958348 -0.00037291942858218784
0.08848138433608192 0.0862746689471336 -0.15370973644401306
-0.12298694195550365 -0.12358286605949553 -0.013791535229626362
-0.07561282049899565 -0.07777544886287188 -0.008390814043421912
0.18324282579103876 0.2672804948951006 -0.277588209532059
0.010742461206220603 -0.21282978756059245 -0.23234903961897677
0.04672499239251202 0.006747569206261769 -0.2010311157041869
-0.0069209219154488565 -0.03610965615917389 -0.015031727379834704
0.09643024073431564 0.0091687103605652 -0.22609673193165597
0.033743249416138 -0.06515443967208528 0.29252542391166925
0.20335220789546413 0.055469297312389726 0.13897056761753476
0.0917436072659942 0.2684228268074944 0.025120726751080718
-0.19847686815122675 0.028253299497332983 0.12955595634080513
0.1856264597173211 -0.1750779533323369 -0.21871915930322985
0.20936807974791563 0.10580471458202625 -0.3260416116773059
0.12167199161778812 0.05292760616634059 -0.16211937495558126
0.02921978851302641 0.04455078236451842 0.18007454309125662
0.02269717635854387 0.17574475923636979 0.1931112616413091
-0.035916299306277905 -0.10425392783047002 -0.3484245836894151
-0.06316004381698839 0.15124157538541602 -0.35290122200053087
0.12286986315720563 -0.21124120922497808 0.11553632462186304
0.10157592650996385 -0.07197156936718672 -0.1314115672315298
0.0651503539677762 0.03118678037476725 -0.16145345324206276
-0.14806955585376588 -0.17814355414665053 -0.04655672808471134
-0.08198104856452634 0.14828000185369733 -0.01339784081857424
0.06811166353519102 0.012035356214632703 -0.12944273348522928
0.11620664131652768 0.23054225945428916 0.011860171482421326
0.07740990867458529 0.014482392600301658 -0.29896558346562074
-0.12325846919277128 0.12573905733982982 0.2256881322167858
-0.02262113033362487 -0.3833417866758318 0.3571390961737175
-0.022869016485602956 -0.020701363181218176 -0.16573600382537756
0.1902720300662461 -0.08626778009612564 -0.2542641852380314
0.10258009068218427 -0.34355147012704806 0.14513293360594642
-0.23224626270759102 0.2647263312075625 -0.055962641568788704
0.2285669666123997 -0.24114743154308046 -0.20359972924368205
-0.027359178147972937 -0.003299687317017446 0.20963976834970188
-0.07199991879668265 0.2904190166584758 -0.14708404306312794
0.11168959923280644 -0.18215775491156574 0.09440140754726764
-0.27064069707094407 -0.08228836077495384 0.2152241702087069
-0.046727658841075756 -0.09197242919238269 0.15660918706906354
-0.023453006921828435 -0.1792588836481915 0.007449190588277215
0.22888616408155715 -0.11710978197831397 -0.21724612067171034
-0.19012302298896475 -0.1739528722952593 -0.12812613570881756
0.0015143053877440926 0.031943127091162926 0.07767362610100731
0.12046905533295132 0.0160461833844676 -0.19569604232838025
0.15552002866659953 -0.13779091441807925 -0.09791624526610919
0.2531505638793909 0.15706706420847694 -0.3536256457589034
0.3166115471042338 0.12128356984859341 -0.30784437657603003
-0.4873812130287169 0.14559188666513886 0.264627452899506
0.17291346459716864 -0.24105708059926045 0.20569108021725915
0.278343066117925 -0.03138949901066042 -0.3921275014483382
0.09254912831946245 -0.14913919615361498 -0.0340439443400536
-0.08715271872274095 0.08379742239101337 -0.25650885990329353
-0.1770138380250907 0.09124959235940164 -0.0019514595192397137
0.13160888718479127 -0.39238785624486416 0.21505336602608885
-0.22419340525164252 -0.11291347189435609 -0.02384003222187131
-0.07559037351999154 0.042006452848506216 0.16440986322133244
0.02664862630762603 -0.13362370965573375 -0.16009027036029158
0.13854435121029607 -0.03343487643141491 -0.026032132900054763
-0.19247270072154127 -0.2509739191574422 -0.013815408416153514
-0.1575783540477955 -0.16025014420617054 0.16390695306052652
-0.10213682236748176 0.29820103778658213 -0.20368111615101583
0.014069820575726638 -0.2029393875920383 -0.14499514092102025
0.12132537325157809 0.17550912243153363 -0.37639915291306136
-0.18273495796452083 -0.04837767033366034 -0.12031750927071148
0.039008119462871214 0.12806449312286547 -0.10211161822859854
0.09140907590673994 0.0926974507596374 0.2677389848221864
0.147604641959382 -0.20634154793448498 0.15380281835159537
0.26492234393867015 -0.020905076285962835 -0.1937279024477622
0.3034491055582954 -0.1764949915364163 -0.2691682708347839
0.16600388279112865 0.14896006168630557 -0.09339908484793924
-0.29355333899524505 -0.18632234862131677 0.3813581283345245
-0.1817377252450982 0.08634021760627257 -0.11520141440840419
-0.30367037644404254 0.024208128224564796 0.21749423230235107
0.07308948252569077 -0.06442865059377931 -0.08258766909389997
0.1675834166818407 0.006002895097037074 0.06789478287073496
0.18090103033523217 0.03846008769138416 0.032886974295687196
-0.16955895740654575 0.19112925178961965 -0.1297684353467897
0.039047092735674784 0.07809259700998661 0.033346143354891083
0.07058049679030261 -0.08578715462909414 -0.08571353175648094
0.02620155552791048 -0.16428122939798448 -0.05783305377126009
-0.051937202333153985 -0.13200769646806648 -0.10411543319971671
0.27645565552393014 -0.3466876825795432 0.19560161988330793
-0.43185443108200233 0.34367506588018176 0.28774740600505316
0.10795352232970688 -0.165319988426082 0.1946995177576537
-0.15857557920117377 -0.06881371857120193 0.16610893580238106
-0.000693670402574129 -0.09256426446531356 -0.23138697854554136
-0.12622993392635998 0.08827573563260965 -0.1503705215552001
0.12962988152909893 0.04837176694229897 0.18762497525692687
0.1471215693046917 -0.2193098735745721 -0.18957328161002132
-0.12926719235689133 -0.2530586285410532 0.18317920464539555
0.016846595241899617 -0.14574704858478868 0.1467406750321354
-0.0703740389962327 0.03765733360298622 0.013127513504242242
0.27446417323016653 -0.22536941210343353 0.22536019944515598
0.0995417428462229 -0.1536856370216603 0.08457511424451924
0.035970501164786006 -0.042957537467575954 -0.14264775681274705
-0.15859160885234694 0.1660132675259934 -0.12414309240967986
0.19901290638875804 -0.10137435880581554 -0.32413619487172146
0.11205351965505152 0.2668194657902322 -0.2117670211087943
-0.02226962480226847 0.05652305516894421 0.0838810719386983
0.14304457683774915 0.0894006661142871 0.017176112284651004
-0.1144148886719135 -0.045693293220386275 -0.062304605140286906
0.21886647386798275 0.48555247358169934 -0.48665031401872655
0.04696968749428321 0.17673570215465972 -0.07789618916501093
0.1374297413020223 0.11829368934148132 -0.08114441064657357
-0.12272662889793809 -0.011556623641086837 -0.12707869358584606
0.049603113001221256 -0.1091023866694763 -0.092744583130784
-0.04696812455326472 0.1794806239536428 -0.2054639542512259
-0.15199141997729507 0.12048883372048928 -0.03941907387913074
0.04393392668210667 -0.12935651095520007 -0.14602433054682445
0.4306086609088292 -0.20801915220287864 -0.5026870196777605
0.5400314647756325 0.20930362725856178 -0.4440013792653157
-0.4812383203243369 -0.08692435557091852 0.5354370045838055
-0.14118846999123266 -0.10465560882876583 0.02006132054030654
0.04424890010801601 -0.17588946741408465 -0.07157497500888776
0.08185075695186411 -0.024021818265263572 0.1253606336916188
0.09626588982396453 -0.06482339671744176 0.17133535927155163
-0.5657049091136682 0.4020148326857568 0.1088068661774682
-0.2417146254840799 -0.09076244087816393 0.2910298125261746
0.4594057310021954 0.10305469414453726 -0.43505895840243664
-0.1599369080610524 -0.1674666943589984 0.035744395878098856
-0.004475058445309186 -0.03802532279684137 0.053775249932197934
0.19011058005005504 0.04722678246276527 -0.015249824030197888
0.30768218707207073 -0.23123500565894128 -0.024678945601781247
-0.07670042352034476 -0.11608778432089778 -0.04100905049031653
-0.1561965033904735 -0.179706875127509 0.1913679831106274
0.2024211714523675 0.34953843838693816 -0.41400203981450456
-0.18805296130910404 0.4005037601231509 -0.06312495402276395
0.11495016110249395 -0.012004164597854772 0.1931116058223972
-0.008689175449097369 -0.10125840818840198 -0.22308501301649084
-0.30091968618351805 0.27689163870711536 0.11886176157892728
0.17222905230261834 -0.07387697792377752 0.16493920982463786
-0.13361254782751641 -0.08664771994868964 0.027101280299787887
-0.08991246340847078 -0.47575957548751246 0.1515716609695542
0.1257309008732649 0.14416053794070469 -0.04384654568560238
-0.028191645993829152 -0.22361466305019234 0.17841513549321045
0.009229542733858892 -0.1768610826580432 0.28110806769401636
-0.155173088565808 0.3804682688137331 0.0108010315668662
-0.3235430004226079 0.20524061798273968 0.15319535538694823
-0.1288835621762709 0.08602616373559648 0.1496858593181211
-0.03264002091858176 -0.18238661486607347 0.03500500230646056
-0.2508058480308148 -0.08083956073560036 0.377005477961222
-0.02663263287986365 -0.17167862117929233 0.09023574358706932
0.21926544026912934 0.247115887997006 -0.2569387431986104
