0.4232
0.4324
0.4328
0.4335
0.4336
0.4336
0.4338
0.4342
0.4341
0.4346
0.4361
0.4557
0.4659
0.4675
0.4683
0.4681
0.4681
0.469
0.4689
0.4686
0.4684
0.4686
0.4692
0.468
0.4681
0.4676
0.468
0.468
0.4683
0.468
0.4688
0.4673
0.4682
0.469
0.4691
0.4982
0.5056
0.5072
0.5112
0.5094
0.509
0.5075
0.5076
0.5092
0.5062
0.5073
0.5029
0.5037
0.5037
0.5037
0.5047
0.5023
0.5012
0.5015
0.5005
0.5004
0.4989
0.4984
0.4964
0.4993
0.4983
0.4944
0.4959
0.4919
0.4965
0.4928
0.4887
0.4908
0.4908
0.4895
0.4874
0.4871
0.4866
0.4871
0.485
0.4863
0.4837
0.4843
0.4815
0.4817
0.4809
0.4801
0.4808
0.497
0.5239
0.5292
0.5372
0.5414
0.5437
0.5456
0.5553
0.5515
0.5694
0.5767
0.58
0.585
0.5867
0.5885
0.59
0.5922
0.5977
0.5933
0.5935
0.5994
0.6004
0.5982
0.5974
0.6012
0.6012
0.6043
0.6007
0.603
0.5992
0.6002
0.599
0.6054
0.6031
0.6045
0.6048
0.604
0.6062
0.6061
0.6059
0.6048
0.6065
0.6023
0.6073
0.6051
0.6064
0.6099
0.6047
0.6084
0.6089
0.6106
0.6089
0.6089
0.6113
0.6113
0.6114
0.6095
0.6107
0.6104
0.6118
0.6109
0.6102
0.6111
0.617
0.6138
0.6118
0.6131
0.6146
0.6148
0.6143
0.6137
0.6159
0.6159
0.6154
0.6191
0.6186
0.6175
0.6198
0.6202
0.6209
0.6183
0.6214
0.6235
0.62
0.6235
0.6256
0.6216
0.6241
0.6232
0.6276
0.6233
0.6243
0.6251
0.6252
0.6268
0.628
0.6274
0.629
0.6287
0.6278
0.6284
0.6328
0.6297
0.6303
0.629
0.633
0.6324
0.6309
0.6325
0.633
0.6336
0.6343
0.6359
0.6351
0.6375
0.6353
0.6363
0.6364
0.6403
0.6376
0.641
0.6372
0.642
0.6437
0.6432
0.6428
0.6423
0.6447
0.6427
0.6408
0.6446
0.6456
0.646
0.6456
0.6471
0.6455
0.6457
0.6481
0.6466
0.6476
0.6474
0.6495
0.6488
0.6511
0.6498
0.6501
0.6511
0.6501
0.6515
0.6503
0.6518
0.6548
0.6533
0.6529
0.6525
0.656
0.6548
0.6565
0.6558
0.658
0.6574
0.6581
0.6561
0.6586
0.6586
0.6581
0.6592
0.6582
0.661
0.6603
0.6601
0.6605
0.6614
0.6609
0.6618
0.6611
0.6644
0.6622
0.6636
0.6633
0.6639
0.6649
0.6655
0.667
0.6656
0.666
0.6657
0.6678
0.6685
0.6676
0.6675
0.6678
0.6676
0.6674
0.6679
0.669
0.6695
0.6697
0.6709
0.6712
0.6693
0.6718
0.6728
0.673
0.6712
0.6721
0.6714
0.6728
0.6735
0.6744
0.6748
0.6733
0.6741
0.6747
0.6768
0.677
0.6755
0.6766
0.6757
0.6774
0.6779
0.6776
0.6775
0.6782
0.6786
0.6774
0.6799
0.6794
0.6777
0.6765
0.6788
0.6782
0.6783
0.6784
0.6801
0.68
0.6815
0.6819
0.6815
0.6826
0.6827
0.6825
0.6842
0.6863
0.6852
0.6864
0.6874
0.6875
0.6879
0.6884
0.688
0.6902
0.6904
0.692
0.6921
0.6936
0.6925
0.6941
0.6948
0.6944
0.6937
0.6975
0.6966
0.7009
0.6983
0.7003
0.7029
0.7025
0.7031
0.7053
0.7064
0.7103
0.7107
0.7111
0.7121
0.7122
0.715
0.7136
0.7162
0.7183
0.7183
0.7191
0.7183
0.7231
0.7211
0.7229
0.7255
0.7244
0.7251
0.7252
0.7256
0.7263
0.7282
0.7276
0.727
0.7274
0.7262
0.7261
0.7284
0.7285
0.732
0.7313
0.7311
0.7322
0.7329
0.7336
0.7344
0.7364
0.7331
0.733
0.7355
0.7351
0.7381
0.7363
0.735
0.7409
0.7386
0.7375
0.7394
0.7402
0.7393
0.7385
0.7397
0.739
0.7395
0.7436
0.7434
0.7406
0.7437
0.7414
0.7442
0.7455
0.7429
0.7415
0.7437
0.7459
0.7437
0.7462
0.7449
0.7444
0.7478
0.746
0.7473
0.7454
0.747
0.7472
0.7482
0.7468
0.7477
0.7478
0.747
0.7489
0.749
0.7481
0.7495
0.7499
0.749
0.7486
0.7488
0.7506
0.7496
0.748
0.7507
0.7509
0.7511
0.7503
0.7492
0.749
0.752
0.7532
0.7526
0.7494
0.7522
0.7512
0.7516
0.7517
0.7515
0.7517
0.7512
0.7538
0.7514
0.7508
0.752
0.7513
0.7522
0.7528
0.7545
0.753
0.7546
0.7561
0.7542
0.7551
0.757
0.756
0.7533
0.7571
0.7549
0.757
0.7558
0.7539
0.7569
0.7597
0.7553
0.7539
0.7593
0.7554
0.7561
0.7538
0.7558
0.7581
0.7557
0.7537
0.7581
0.7591
0.7577
0.7586
0.7573
0.758
0.7586
0.7561
0.758
0.7586
0.7568
0.7604
0.758
0.76
0.758
0.7563
0.7579
0.7593
0.7593
0.7573
0.758
0.7579
0.7595
0.7579
0.7594
0.7588
0.7593
0.7582
0.7611
0.7586
0.7604
0.7602
0.7581
0.7603
0.7621
0.756
0.7579
0.7605
0.7574
0.7594
0.7592
0.7591
0.7595
0.7602
0.759
0.7607
0.7613
0.7601
0.759
0.7577
0.7581
0.76
0.7599
0.7603
0.76
0.7606
0.7607
0.7609
0.7607
0.7609
0.7618
0.762
0.7602
0.7607
0.7607
0.7607
0.7624
0.7616
0.7605
0.7627
0.7623
0.7608
0.7622
0.7606
0.7614
0.7616
0.7601
0.762
0.7634
0.7631
0.7598
0.7611
0.764
0.759
0.762
0.7613
0.7646
0.7616
0.7624
0.7633
0.7619
0.763
0.7632
0.7613
0.7634
0.7616
0.7612
0.7629
0.7607
0.7628
0.7646
0.7619
0.7631
0.764
0.7652
0.7645
0.7655
0.7595
0.7624
0.765
0.7646
0.7672
0.7633
0.7654
0.765
0.7643
0.7615
0.7638
0.7672
0.7657
0.7677
0.7642
0.7676
0.7637
0.7645
0.7672
0.7684
0.7658
0.7657
0.7659
0.7652
0.7625
0.7652
0.7651
0.7669
0.7676
0.7696
0.766
0.7646
0.7673
0.7676
0.7662
0.768
0.7674
0.7682
0.7665
0.7667
0.7657
0.7683
0.7662
0.7666
0.7651
0.769
0.7678
0.7668
0.7666
0.769
0.7686
0.7665
0.7708
0.7667
0.7664
0.7644
0.769
0.7684
0.7685
0.7706
0.7706
0.7717
0.7676
0.7676
0.767
0.7703
0.769
0.7687
0.7692
0.7686
0.7678
0.7636
0.7694
0.7691
0.77
0.7703
0.7691
0.7682
0.7671
0.7692
0.7713
0.7696
0.7705
0.7676
0.771
0.7704
0.7706
0.7699
0.7711
0.7684
0.7705
0.7705
0.7726
0.7716
0.7719
0.7682
0.7699
0.7726
0.774
0.7731
0.7701
0.7714
0.7707
0.7711
0.7707
0.772
0.7695
0.7708
0.7731
0.772
0.7705
0.7717
0.772
0.7723
0.7744
0.7727
0.7727
0.7738
0.7699
0.7749
0.7734
0.7728
0.773
0.7771
0.7763
0.7743
0.7699
0.7741
0.774
0.773
0.7709
0.7757
0.7746
0.7734
0.7747
0.7749
0.7745
0.7755
0.7725
0.7748
0.7734
0.7783
0.7732
0.7741
0.7782
0.7766
0.7744
0.7744
0.7763
0.7754
0.7769
0.7768
0.7735
0.7774
0.7753
0.7787
0.7775
0.7757
0.775
0.7762
0.7798
0.776
0.7767
0.7751
0.7766
0.775
0.7763
0.7784
0.7745
0.7772
0.776
0.7775
0.7771
0.7781
0.7757
0.7786
0.7745
0.7777
0.7775
0.7771
0.7789
0.7773
0.7765
0.7806
0.7777
0.7772
0.7792
0.7768
0.7793
0.7786
0.7776
0.7817
0.7809
0.7788
0.7811
0.7803
0.7793
0.7808
0.7808
0.7809
0.7804
0.7803
0.7812
0.7823
0.7787
0.78
0.7794
0.7794
0.7801
0.7819
0.78
0.7812
0.7829
0.7796
0.7828
0.7825
0.7853
0.7808
0.7829
0.786
0.7843
0.7791
0.784
0.7833
0.7829
0.7809
0.7828
0.7831
0.7834
0.7867
0.7843
0.7844
0.7824
0.7857
0.7833
0.7867
0.7833
0.7845
0.7851
0.7859
0.7844
0.7864
0.7843
0.7844
0.7834
0.7859
0.7865
0.7882
0.7855
0.7863
0.7863
0.7842
0.7858
0.7871
0.785
0.7855
0.7846
0.7869
0.7844
0.7874
0.7878
0.7852
0.7886
0.7896
0.789
0.7888
0.7876
0.7893
0.7891
0.7893
0.7905
0.7883
0.7912
0.7907
0.7872
0.7885
0.7932
0.7899
0.791
0.7905
0.7884
0.791
0.7932
0.7919
0.7915
0.7917
0.7929
0.7902
0.793
0.7945
0.7936
0.7946
0.7959
0.7946
0.7972
0.7968
0.7943
0.7968
0.7968
0.7983
0.7961
0.7956
0.7963
0.7957
0.7991
0.7981
0.7983
0.7978
0.7977
0.7987
0.7999
0.8019
0.7986
0.7975
0.8007
0.8003
0.8007
0.8039
0.8008
0.803
0.8038
0.8002
0.8018
0.8018
0.8033
0.8018
0.805
0.8019
0.8054
0.8024
0.8064
0.8043
0.8033
0.805
0.8076
0.8079
0.8072
0.8078
0.8067
0.8087
0.805
0.8105
0.8075
0.8086
0.8111
0.812
0.8086
0.8127
0.8146
0.8129
0.8128
0.8092
0.8095
0.8133
0.8135
0.8118
0.8142
0.8123
0.8138
0.8151
0.8171
0.8173
0.8167
0.8145
0.8164
0.8156
0.8156
0.813
0.8158
0.8151
0.8158
0.8173
0.8143
0.8173
0.82
0.8182
0.8206
0.8189
0.8172
0.8205
0.8207
0.8229
0.8188
0.8205
0.8214
0.8196
0.8248
0.8217
0.8188
0.821
0.8201
0.8219
0.8251
0.8216
0.8244
0.8222
0.8247
0.8237
0.8226
0.8191
0.8201
0.8211
0.8217
0.8218
0.8228
0.8235
0.8231
0.8221
0.8231
0.8216
0.8239
0.8243
0.8253
0.8274
0.8238
0.8235
0.8242
0.8249
0.8255
0.8248
0.8264
0.8228
0.826
0.8255
0.8266
0.8265
0.8267
0.8279
0.8284
0.8254
0.8292
0.827
0.8306
0.8271
0.8317
0.8274
0.8292
0.829
0.83
0.8283
0.8289
0.8301
0.8319
0.829
0.8304
0.8315
0.831
0.8319
0.832
0.831
0.8319
0.8313
0.8331
0.8296
0.8343
0.8339
0.8334
0.832
0.833
0.8349
0.8314
0.8364
0.8342
0.8356
0.8352
0.8349
0.8337
0.8363
0.8353
0.8349
0.8371
0.8373
0.8375
0.8376
0.8388
0.8393
0.8388
0.8385
0.84
0.8394
0.839
0.8389
0.8385
0.8414
0.8354
0.8381
0.8396
0.839
0.8387
0.8407
0.8388
0.8394
0.8394
0.842
0.8397
0.8372
0.8407
0.8411
0.841
0.8387
0.8458
0.8393
0.8416
0.8416
0.8433
0.8417
0.8426
0.8425
0.8407
0.8418
0.8426
0.841
0.8417
0.8409
0.8429
0.8429
0.8414
0.8433
0.8419
0.845
0.8428
0.8379
0.8439
0.8412
0.8432
0.8413
0.8416
0.8426
0.8447
0.8449
0.8428
0.8441
0.8436
0.8443
0.8447
0.8433
0.842
0.8469
0.8418
0.846
0.841
0.8444
0.846
0.8449
0.8446
0.8451
0.8478
0.8451
0.8476
0.8433
0.847
0.8452
0.8456
0.846
0.8462
0.845
0.8448
0.8436
0.8477
0.847
0.8438
0.8455
0.8438
0.8458
0.8453
0.8434
0.8449
0.8457
0.8464
0.8487
0.8462
0.8505
0.846
0.8464
0.848
0.8464
0.8457
0.8477
0.848
0.8452
0.8495
0.8479
0.8466
0.8459
0.8484
0.8499
0.8477
0.8487
0.8507
0.8475
0.8459
0.8492
0.8502
0.8469
0.8468
0.8498
0.8472
0.8475
0.8493
0.8505
0.8511
0.8513
0.8492
0.8464
0.8499
0.85
0.8484
0.8502
0.8508
0.8519
0.8465
0.8472
0.8489
0.8498
0.8516
0.8481
0.8499
0.8498
0.8463
0.8499
0.8478
0.851
0.849
0.849
0.8475
0.8528
0.8509
0.849
0.852
0.8522
0.8488
0.8501
0.8505
0.8528
0.8509
0.8489
0.8518
0.8515
0.8486
0.8506
0.8528
0.8493
0.8503
0.8495
0.8505
0.8496
0.8518
0.8511
0.8495
0.8537
0.8512
0.851
0.8525
0.8526
0.8496
0.8535
0.8525
0.8524
0.851
0.8499
0.8538
0.852
0.8529
0.8532
0.8513
0.8566
0.853
0.8533
0.8537
0.8551
0.853
0.8545
0.8548
0.8548
0.8538
0.8549
0.8509
0.8528
0.8545
0.8556
0.8557
0.8567
0.8536
0.8528
0.8547
0.852
0.8526
0.8531
0.8537
0.8509
0.8558
0.8549
0.8542
0.8548
0.8551
0.854
0.8547
0.8542
0.8546
0.8545
0.8556
0.8555
0.8556
0.8531
0.8549
0.8542
0.8553
0.8525
0.854
0.857
0.8546
0.8541
0.858
0.8554
0.8556
0.8545
0.8549
0.8569
0.8587
0.8538
0.8579
0.8559
0.8558
0.8579
0.8531
0.8567
0.8571
0.8577
0.8544
0.8584
0.8566
0.8553
0.8542
0.857
0.8557
0.8604
0.8564
0.8599
0.8571
0.8596
0.8583
0.8574
0.8592
0.858
0.8587
0.8576
0.8582
0.8593
0.8574
0.8576
0.8583
0.8586
0.859
0.8579
0.8568
0.8592
0.8588
0.8584
0.8607
0.8587
0.8573
0.8601
0.8606
0.8577
0.8568
0.8618
0.8566
0.8592
0.8573
0.8585
0.8569
0.8586
0.8596
0.8583
0.8614
0.8592
0.8628
0.8595
0.859
0.861
0.8617
0.8594
0.8584
0.8612
0.8581
0.8599
0.8607
0.8587
0.8576
0.8583
0.86
0.86
0.8573
0.8602
0.8592
0.8615
0.8615
0.8614
0.8588
0.8641
0.8589
0.8592
0.8589
0.8642
0.8597
0.8582
0.8628
0.8583
0.8619
0.8596
0.862
0.8578
0.8591
0.8601
0.861
0.8612
0.8628
0.8626
0.8608
0.8622
0.8598
0.8625
0.8625
0.8588
0.8619
0.8634
0.8641
0.8622
0.8626
0.8605
0.8591
0.8642
0.8627
0.8592
0.8611
0.8645
0.8616
0.8606
0.8622
0.8639
0.8635
0.8639
0.8636
0.8638
0.862
0.863
0.8609
0.8595
0.8638
0.8631
0.8647
0.864
0.8619
0.8614
0.8651
0.8644
0.8622
0.8651
0.8633
0.8626
0.8641
0.8639
0.8635
0.8652
0.8635
0.8647
0.8635
0.8652
0.866
0.8636
0.8641
0.8649
0.8625
0.8642
0.8635
0.8653
0.8654
0.8622
0.8649
0.8634
0.8641
0.8654
0.8639
0.8632
0.866
0.8648
0.8687
0.868
0.8656
0.8658
0.8662
0.8647
0.8683
0.8657
0.8678
0.8665
0.8668
0.8665
0.8649
0.8615
0.8645
0.8674
0.8641
0.8666
0.8668
0.8669
0.8654
0.8681
0.8646
0.8674
0.8676
0.8689
0.8658
0.8679
0.8651
0.8662
0.8659
0.8683
0.8675
0.8649
0.8661
0.8673
0.8692
0.8669
0.8652
0.8693
0.8687
0.8652
0.8658
0.8628
0.8634
0.8648
0.8668
0.8691
0.8668
0.8678
0.8672
0.8667
0.8667
0.868
0.8673
0.868
0.865
0.8683
0.868
0.8691
0.8689
0.8674
0.8669
0.8692
0.8696
0.8687
0.8678
0.8678
0.8678
0.8703
0.8695
0.8686
0.8683
0.8666
0.8688
0.8672
0.868
0.8692
0.8671
0.8676
0.8675
0.8664
0.8676
0.8661
0.8706
0.8702
0.8687
0.8684
0.8723
0.871
0.8683
0.8692
0.8718
0.8698
0.8691
0.8705
0.8711
0.8703
0.8706
0.871
0.868
0.8742
0.8709
0.8685
0.8706
0.8681
0.8677
0.8699
0.8711
0.8682
0.8708
0.8667
0.8697
0.8691
0.8695
0.8705
0.8707
0.8734
0.8686
0.8731
0.8678
0.869
0.8691
0.8725
0.8711
0.8738
0.8683
0.8729
0.8712
0.871
0.8703
0.8696
0.8678
0.8721
0.8721
0.872
0.8694
0.8679
0.8712
0.8719
0.872
0.8712
0.8712
0.8743
0.8709
0.8708
0.8718
0.8689
0.8706
0.8693
0.8711
0.8693
0.8694
0.873
0.8733
0.8713
0.8677
0.8715
0.8709
0.8733
0.8702
0.8706
0.871
0.8721
0.8693
0.8724
0.8703
0.8731
0.8713
0.8725
0.8744
0.8743
0.8755
0.8712
0.87
0.8729
0.8721
0.8724
0.8735
0.873
0.8735
0.8726
0.8729
0.8739
0.8733
0.8732
0.8748
0.8727
0.8757
0.8719
0.8735
0.8752
0.8735
0.8741
0.8756
0.8746
0.8744
0.875
0.8748
0.8767
0.8743
0.8739
0.8738
0.8763
0.8773
0.8732
0.8754
0.8744
0.8745
0.874
0.8757
0.874
0.8731
0.8736
0.8735
0.8747
0.8758
0.8728
0.8723
0.8765
0.8767
0.8749
0.878
0.8753
0.8765
0.8761
0.8738
0.8771
0.8783
0.8759
0.8777
0.8764
0.8753
0.8775
0.8745
0.8767
0.8773
0.8765
0.8747
0.8728
0.8738
0.8772
0.8805
0.8739
0.8737
0.8771
0.8784
0.8739
0.8755
0.8756
0.8761
0.875
0.8741
0.8755
0.8752
0.8752
0.879
0.8752
0.8768
0.8759
0.8746
0.8784
0.876
0.8773
0.8754
0.8743
0.8746
0.8771
0.8742
0.8789
0.8753
0.8743
0.8758
0.8753
0.8821
0.879
0.8774
0.8752
0.8775
0.8756
0.8765
0.8795
0.8783
0.8746
0.875
0.8777
0.8762
0.8777
0.8782
0.878
0.8807
0.8779
0.8746
0.878
0.8769
0.8767
0.8762
0.8817
0.8781
0.879
0.8771
0.8789
0.877
0.8763
0.8791
0.8792
0.8771
0.8746
0.8755
0.8821
0.8787
0.881
0.8784
0.8818
0.878
0.8778
0.8774
0.8762
0.8761
0.8797
0.8803
0.8779
0.8791
0.8772
0.8799
0.8795
0.8763
0.8827
0.8791
0.8779
0.8798
0.88
0.8778
0.8786
0.8815
0.879
0.8775
0.8773
0.8784
0.8814
0.8817
0.8784
0.8772
0.8807
0.8803
0.8793
0.8808
0.8823
0.8827
0.8768
0.8804
0.8777
0.8788
0.8799
0.8792
0.8774
0.8775
0.8793
0.8789
0.8792
0.8812
0.88
0.8796
0.8793
0.8793
0.88
0.8831
0.8819
0.8761
0.8802
0.8786
0.8808
0.8783
0.8793
0.8803
0.8842
0.8809
0.8778
0.8808
0.8818
0.8771
0.8835
0.8794
0.8788
0.8826
0.8798
0.8828
0.8772
0.882
0.8782
0.8802
0.8822
0.8826
0.8819
0.8803
0.8814
0.8795
0.8791
0.881
0.8826
0.8813
0.8835
0.8833
0.8792
0.8803
0.8819
0.8811
0.8804
0.8802
0.8854
0.8809
0.8837
0.8823
0.8829
0.8812
0.8832
0.8793
0.8812
0.8835
0.8838
0.8808
0.8827
0.8817
0.8828
0.8815
0.8824
0.8816
0.8829
0.8816
0.8809
0.8829
0.8846
0.8809
0.8851
0.879
0.8835
0.8823
0.8826
0.8843
0.882
0.8825
0.8848
0.8815
0.8816
0.8825
0.8817
0.8817
0.8822
0.8813
0.8822
0.8813
0.883
0.881
0.8816
0.8773
0.879
0.8818
0.8848
0.8798
0.8834
0.8857
0.8865
0.8816
0.8826
0.8846
0.8839
0.8835
0.885
0.8825
0.8843
0.8845
0.8834
0.8835
0.8836
0.8852
0.8847
0.885
0.8815
0.8844
0.8854
0.8802
0.8863
0.8823
0.8831
0.887
0.882
0.8828
0.8843
0.8838
0.8824
0.8863
0.8851
0.8839
0.8816
0.8862
0.8847
0.8869
0.8847
0.8864
0.8817
0.8851
0.8858
0.8857
0.8848
0.8822
0.8856
0.8874
0.8864
0.8867
0.8858
0.8883
0.8848
0.8901
0.8901
0.8922
0.8899
0.8921
0.8914
0.8921
0.8913
0.8896
0.8917
0.8917
0.8927
0.8918
0.8892
0.8918
0.8913
0.8923
0.8921
0.891
0.8914
0.8925
0.8908
0.8921
0.8918
0.8906
0.8924
0.8913
0.8938
0.8919
0.8931
0.8947
0.893
0.8909
0.891
0.892
0.8914
0.8921
0.8921
0.8913
0.8918
0.8923
0.8921
0.892
0.8924
0.8938
0.8907
0.8902
0.8935
0.8926
0.8925
0.8935
0.89
0.8919
0.8925
0.8934
0.892
0.8929
0.8927
0.8933
0.8907
0.892
0.8912
0.8936
0.8906
0.8934
0.8933
0.8921
0.8923
0.8934
0.8934
0.8928
0.8919
0.8928
0.8923
0.8912
0.8931
0.8929
0.8932
0.8934
0.8949
0.8942
0.8902
0.895
0.8927
0.8933
0.8936
0.895
0.8923
0.8937
0.894
0.8954
0.8948
0.8931
0.8929
0.8929
0.8937
0.8937
0.895
0.8928
0.8942
0.8932
0.8926
0.8942
0.8944
0.894
0.893
0.895
0.893
0.8941
0.8934
0.8931
0.8931
0.8949
0.8938
0.8945
0.8949
0.8937
0.895
0.8962
0.8931
0.8929
0.8945
0.8961
0.8942
0.8943
0.8939
0.8932
0.8953
0.8934
0.8932
0.8951
0.8947
0.8925
0.8945
0.894
0.8959
0.8948
0.8942
0.8942
0.8937
0.8951
0.8944
0.8945
0.8945
0.8931
0.8952
0.8952
0.8939
0.8955
0.8939
0.8942
0.8938
0.8969
0.8955
0.8946
0.8946
0.8945
0.8959
0.8952
0.8951
0.8948
0.8953
0.8957
0.8959
0.8951
0.8955
0.8946
0.898
0.8963
0.8953
0.896
0.8941
0.8937
0.8966
0.8962
0.897
0.8967
0.8958
0.8968
0.8951
0.8931
0.8949
0.8966
0.897
0.8957
0.8978
0.895
0.8967
0.896
0.8983
0.8956
0.8953
0.8967
0.8977
0.8968
0.8953
0.8946
0.8971
0.8963
0.8978
0.8978
0.8957
0.8962
0.8953
0.8965
0.8961
0.8949
0.8971
0.8952
0.8967
0.8962
0.8942
0.897
0.8985
0.8983
0.8962
0.8963
0.8955
0.8949
0.8942
0.8964
0.8956
0.8973
0.8974
0.8961
0.896
0.8959
0.8972
0.8969
0.8947
0.897
0.897
0.8962
0.898
0.8963
0.8956
0.8974
0.8941
0.8948
0.8978
0.8956
0.8958
0.8955
0.8999
0.8939
0.897
0.8961
0.8969
0.8951
0.8965
0.8967
0.8989
0.8967
0.8972
0.8954
0.8972
0.8969
0.8961
0.8955
0.8954
0.8977
0.8956
0.8957
0.8976
0.8986
0.8967
0.8948
0.8982
0.8977
0.896
0.8988
0.8968
0.8957
0.8969
0.8957
0.8956
0.8996
0.8973
0.8966
0.8958
0.8969
0.8975
0.8954
0.8969
0.8978
0.8961
0.8955
0.8957
0.8982
0.8982
0.8979
0.8961
0.8973
0.8974
0.8953
0.8989
0.8967
0.897
0.8962
0.8998
0.8969
0.8987
0.8963
0.8962
0.8961
0.8956
0.8957
0.8975
0.8979
0.8975
0.8974
0.897
0.8957
0.8977
0.8986
0.8991
0.8984
0.8983
0.899
0.8983
0.8982
0.8975
0.8993
0.9001
0.8965
0.8978
0.8979
0.8993
0.8976
0.8975
0.8977
0.8976
0.8969
0.8969
0.8987
0.8974
0.8971
0.8989
0.8974
0.8982
0.8986
0.8984
0.8975
0.8974
0.8988
0.8984
0.8977
0.8975
0.8983
0.8986
0.8966
0.8982
0.8995
0.8984
0.8983
0.8973
0.8982
0.9002
0.8972
0.8992
0.897
0.8962
0.9001
0.8977
0.898
0.8994
0.8986
0.8969
0.8975
0.8996
0.8978
0.8977
0.8981
0.8986
0.8985
0.8987
0.8985
0.8978
0.9011
0.8997
0.8981
0.899
0.8998
0.8971
0.8987
0.8986
0.8972
0.8975
0.8971
0.897
0.8965
0.902
0.8985
0.8981
0.899
0.8997
0.8993
0.8975
0.899
0.8986
0.8984
0.8992
0.8988
0.9006
0.9004
0.8973
0.8991
0.9009
0.8969
0.8984
0.8982
0.8998
0.8978
0.8991
0.8978
0.8983
0.8997
0.8995
0.9
0.9002
0.8986
0.8985
0.8997
0.8979
0.8996
0.8986
0.9004
0.9003
0.899
0.9008
0.8991
0.8987
0.9007
0.8995
0.8995
0.8984
0.8992
0.8995
0.8973
0.9
0.9003
0.8982
0.8988
0.9024
0.9
0.9008
0.9001
0.8978
0.8989
0.8988
0.8992
0.8991
0.8988
0.9001
0.898
0.8988
0.8981
0.9028
0.9003
0.8995
0.8988
0.8999
0.8984
0.8985
0.8981
0.9007
0.9005
0.9008
0.901
0.8977
0.9007
0.8984
0.9002
0.8979
0.8996
0.8984
0.8987
0.8998
0.8977
0.9
0.8982
0.9002
0.9009
0.9019
0.8979
0.8986
0.8977
0.9
0.902
0.8996
0.8989
0.9008
0.899
0.8994
0.9002
0.9016
0.9007
0.9003
0.8995
0.9017
