0.16386240429975127 0.3479128058082581 0.3375239670974475
-0.22711771212190818 0.1395108873203103 0.17578341053822744
-0.15216350267001588 0.057531986731484276 0.14748737157799324
0.008182065325922128 -0.043476989420716226 0.24992162927202893
-0.2558004380060948 -0.3591836842361382 -0.2913429880731855
-0.139604557969466 -0.40912988611400253 0.34031889985595615
1.2443940352525134 0.026096497410755183 -0.4358503451567637
-0.0013128609254131067 0.39964422427743795 0.23515229990536615
-0.11895194743165945 -0.47185998008277286 -0.48082276809215585
-0.061153736278434276 -0.40128233981144323 -0.3629007166208119
-0.12964316077865193 -0.2619621103356906 0.38236980739692983
-0.39905794686176094 -0.23296917438290213 0.05116704429180549
-0.1339079429616076 0.026632683005235837 0.2056738000402353
-0.06838834019546794 0.20972949840466637 0.07820909175788561
0.6303667838592026 -0.2707574917855356 -0.41977601024582645
-0.7720192505525093 -0.8242032340933464 0.05282423070736125
-0.3035493474737098 -0.25146177248427504 0.286004015418068
-0.42649897379645885 -0.20097639821551164 0.24664507741412958
-0.31529132693932177 -0.10905365827824128 -0.797470919794649
0.1513968510775766 -0.09935393150881518 -0.5831372522557237
-0.23585099730407866 0.030704177048605646 0.3311681379792261
0.06000656412407427 0.38377210123448097 0.18564227200610928
0.031138644488373304 -0.06638429208468871 0.2294516800877168
-0.1427694216672713 0.20055787737909206 0.22931749045552313
0.05001343457798612 -0.40626659528153386 0.3841354727357566
-0.11512030829731545 -0.3246643844610629 0.25531707198450626
-0.024640121079001043 0.039504119244854904 0.2945666410926599
0.10686690326525689 0.28407539347933536 0.1073659357036903
-0.23275190686364988 0.17950235406659515 0.2777128203784051
0.10635474714934437 -0.14198096014876654 -0.5173090254759914
-0.22209635773990388 -0.3085907246650072 -0.6856297944939598
0.17215639568136626 0.34023201051539315 0.21552720636750083
0.022612754402805992 -0.20378944823856562 0.2830231292493058
0.33204183826436784 -0.2806724738958096 -0.6763897197698284
0.10355765862763137 0.18754811945829866 0.19493240600006217
0.21209802553319687 -0.46466862227299843 0.20033014695276716
-0.08965418422198643 0.4346736757876139 0.2399680634299727
-0.08564707832187322 0.1215382296494093 0.1913561282668838
0.40187262653505795 -0.32820880405728725 0.32778356217783833
0.15301316135918563 -0.32502142987361554 -0.5955883131208257
-0.5907521085620075 0.12488910414304205 -0.004905414030475932
0.08026109593560525 0.035550486559489745 -0.567540407276405
-0.02870821346723341 0.059032917160491534 0.22439358234867846
0.12965519676431614 0.29321484520905966 0.3484562016789814
0.14252972903988187 0.48570189631950567 -0.5416487434708657
0.14039175179797944 -0.30061544332444734 0.2607921543526101
0.09073240261727178 -0.03741772483575801 -0.34836498395230875
0.20616741130776634 -0.3350083119393406 0.29558007723580254
0.12697818411952583 0.22998265537850301 0.15972070952429002
0.5519358538624523 -0.45022890613276534 -0.6888568046963511
-0.7138900481916227 -0.4565887551265926 -0.15812862432201172
0.16690377900213552 0.04698862318319943 0.2604518434695188
0.06492455339932175 0.5203121812386955 0.21746920564864727
-0.09986237530515679 0.5299407518967526 0.007293931777166338
0.08577956971275574 -0.3364104000129556 -0.5638835681216893
0.18473415948335756 -0.3158311062389248 -0.5002954620732062
-0.012146561661658095 0.12516664713102899 0.2804954861068769
0.29305662270481225 -0.14173421754154733 -0.6538811849068227
-0.2577047318947183 0.06969144993131893 0.18805776955110926
0.010440529215608006 0.1893085218821068 0.20577520505834582
-0.002002427761327705 0.44618985591142823 0.24151400202121795
0.08657973126193876 -0.2438160331436529 0.1498823494514129
0.0717429248444228 0.0025132846382867665 0.33038465925979643
-0.3075338884663912 -0.40124663268504523 -0.3568659694614083
-0.05485643548749851 0.09928199436191751 0.07494886831507758
0.04191004177030754 -0.027451669219772545 -0.48306191055434855
-0.4835014699077087 -0.08830069549492654 0.02439221519122541
-0.2766594878889759 -0.01263475844814719 0.20136480208789076
0.07973508216862667 -0.16582905161919717 0.3110424739882624
0.2122572353081989 -0.39592281811126045 0.2300046305364113
0.17621005253908598 0.0737338812886431 0.1410064219544352
-0.03269581661900181 0.1532880295555448 0.24101759287318997
-0.18540004296065965 0.7683790135689248 0.05395809763337843
-0.18586087096657894 0.03174537614617443 -0.8009897371304944
-0.18997668319119443 -0.0724553716409822 0.2215087681190402
-0.19332718600412474 0.2247810586736125 0.18395230851617853
-0.2135969118590397 0.41194790749781685 0.2243265359042325
-0.3771247484652747 -0.3264573384988906 0.13100132327475292
-0.45341318556741705 -0.2253308902192957 -0.4049337215189037
-0.016505212099443247 0.1567879288199345 0.18581227375547332
-0.0020026454024665787 0.44145870208018523 0.093796142737709
1.227837983705272 -0.37263920595337313 -0.026374177935859704
-0.14829024468913402 -0.38206756866867864 0.2720682769194734
-0.15486547438753842 -0.27178085109337335 -0.6329102866608014
0.3824048028479682 -0.21980094226199062 -0.6238695810169244
-0.431726281542098 0.5329332892878296 -0.07640342768464939
0.0345105698503852 -0.04848683302272721 -0.6527739203141971
-0.04084315414683041 -0.05714045405572008 -0.6324160833715239
-0.008004131724204118 -0.17718892066335962 -0.5750534939388788
-0.576232906082258 -0.08644033765879866 0.1939864307464625
0.07028735578744354 -0.11080429495655959 -0.5074771709500442
0.09986628087945534 -0.4010403251844421 0.4278122757654023
-0.11222172116767823 -0.2721468051084934 0.4052730395834552
0.18169953085584387 -0.3519121001915445 -0.47630625553705985
-0.5430817496738222 -0.444495975237674 -0.2920866057274066
0.17278130791132676 0.04405565893532614 0.20045344683689528
-0.5238060189568249 0.4777217037142033 -0.09718988262610441
0.026518522146150456 0.6048777604873903 0.22400889238657917
-0.20201603916551358 0.3301620684340091 0.2809552573155316
-0.08342660791681179 -0.43265025481674046 0.29645992548732414
0.05500243259869963 -0.4186363487629596 0.28728538574732193
-0.8374581249338459 -0.3748989515346077 -0.2358992202363756
0.34482040243295103 0.12996663628521998 0.24502424926000968
-0.29690780634501807 -0.15785783458858524 -0.009275579357084444
-0.4965665019393162 -0.6105459001762769 -0.009942316464635734
0.1957012758008485 -0.47677002865716417 0.3482705603398854
-0.049281693014317104 -0.2080485031575966 -0.6832654863141266
-0.15403619133083032 0.3862303865758649 0.051134527269310365
-0.19421154641767285 -0.3465273875317275 0.23012709666892436
-0.2822271097145046 -0.3741442481251584 0.19259746004071016
0.19416317115650983 0.5292119953977219 0.26054807135269886
0.20645250410104085 0.4026976612728907 0.15013884783277626
-0.12340161222798647 -0.42177942449777966 0.12579597908781165
0.0804500666732095 -0.17125537111242553 0.34044776252926484
0.055542362978372714 0.21514572947950744 0.25403038504485054
-0.010665537567131459 -0.3338042764556849 0.21587014280295416
-0.09541272393745888 0.2673528247312626 0.09191020958238003
-0.17840259153484042 -0.9938345332089034 -1.3397716574031724
-0.3628375851226796 0.19847837964426368 0.1687881136208364
0.05618257932453932 0.7733697816194945 -0.10976668323790909
-0.04284552081752624 0.21606479377707738 0.2947371832443464
0.11243489083748312 -0.23065320730978006 -0.6296748925599444
-0.11314922384885658 -0.262409788290048 0.20838513398609526
0.17323719423444248 0.172328288154587 0.3168976400164497
0.12068838219591667 0.08886898110947637 0.21137440556374876
-0.4737513823860399 -0.0031716632072491062 0.03888899900918895
-0.1651385957590904 -0.4591130834402069 0.22238621824951083
-0.20588954164154769 -0.41420890363158125 -0.4858107138746562
-0.08584960908201276 0.2909025068120191 0.18044981174517782
0.00034207566596342406 0.5148170255751078 0.13166593762891574
-0.05432824718536208 -0.6325122029225695 0.41558680505244333
0.041284375276674175 0.15207291150458335 0.26826328595209903
0.04213628040307091 -0.020714296910161845 0.192635539128643
0.14263793371869657 0.507941978555161 -0.7048922961641755
-0.5675763908333326 -0.16676434856894434 0.2894274886545477
-0.34432057180678133 -0.6953199533289756 0.31092778241405816
-0.5427422840063005 0.1830245888105912 0.0179424782912181
-0.20024639046388545 0.6140410384908314 0.1240650704925667
0.03825601462702982 0.30214965388269316 0.20985299889185283
0.6537395279303377 -0.24255105998492135 -0.7235791005295084
-0.7595049530519711 0.09409034708077137 -0.02521826800886065
0.14457043617809004 0.2645539979331152 0.25085988466173037
-0.2885173126429301 0.027678994022604157 0.1893170428289063
1.069431884818672 -0.08672601577959373 -0.44503235321482143
0.04867081747392825 -0.14286166546726892 0.2718147931045861
0.24035781924767277 -0.3252463774641331 -0.2972200637306029
-0.05800463604991217 -0.35772723492693126 0.26414841140512707
-0.1331521185494658 -0.35792416679714195 -0.5011454935289851
-0.3136079521031482 -0.33225268632288824 -0.7086789873165736
0.24877139566637418 -0.12702259024433013 0.35023623222027894
0.03694203982207157 0.3588423901856825 0.1740704745908504
0.05199304220400607 0.1048960659894682 0.263461825801818
-0.11760327395996759 -0.5178736018573415 0.23461626519695972
0.019821095247099994 -0.12671809997293942 0.1777876352184228
-0.010143153763702452 0.0025090294031333915 0.12640041258439821
0.5235201956052445 -0.18261495622507834 -0.5333440286096491
0.3209357019757595 0.555811315640521 -0.26233474218275343
-0.2610690933324552 0.13767972700126654 0.1327419883319724
-0.18288203632096914 0.23114276308722428 0.13882386963744373
0.12051692121022349 0.06427597429944479 0.34799238802115984
0.31129503518646195 -0.009580080828354506 0.26017281720226487
-0.15777257567977118 0.12259251751824463 0.2990396581293778
0.2207196790065537 0.306973174630206 0.17604877201524852
-1.0077766408697515 -0.5280677504806613 -0.10602152729065574
0.36722001066874294 0.08728013079126187 0.3396619304055579
-0.26688028432803124 -0.08016226524577261 0.3453800767186349
-0.2617207189285601 -0.318261818106573 0.2288053681935787
0.17918446444119854 0.15996327105079391 0.22566898831251467
0.877227411437892 0.0991981658225992 -0.4658479101539295
0.12950369052220956 -0.41123004734952767 0.28472732191128136
-0.06264478995934242 0.24098956788455003 0.17954392327507313
-0.06258126875008241 0.09629438753364 0.29706103051588995
-0.03569942699290599 0.23950997026740853 0.10929332783440673
-0.551904299109904 0.041330931450505745 -0.33706490317863913
-0.5363912199517041 -0.39222611024687126 -0.14320537634846958
-0.02578614944673196 -0.04917515717311721 0.18988550724804001
0.07295492597285054 -0.018602266459417947 0.30326391048401913
0.059628970749611154 0.40724269554626163 0.23309487122879624
-0.16209820217184062 0.1489236506247153 0.234180958847878
-0.14646089918516397 0.3162943599353278 0.2761571732237415
0.015071515094031188 -0.3852691500706892 -0.500502104696434
0.4783693352783891 0.3616420073654131 -0.5682597268607317
0.01772965743842349 -0.0830152131756463 0.3270148619078699
0.29097826612778616 -0.09027353882100819 -0.3905208690120282
0.1591125172876601 0.8019205248112276 0.02254917180934216
-0.7884317094973659 -0.03520058161817411 -0.40352163263082164
0.003223148716843879 0.5262143717152948 0.12940231877527505
0.28557119822025073 0.1282006770929139 0.1907615650221267
-0.8662825023042284 -0.28436749553092766 -0.2905181016265237
-0.6075159988199185 -0.14040169339249758 -0.9601144962673468
-0.2710703587753472 -0.008643408611797828 0.22409298792212792
-0.08732630023574872 0.4056430811722311 0.14501882492951929
0.26792655482685074 -0.3127991233440984 0.2688941273364357
1.1232763641699806 -0.12674490784743533 -0.5210427857568886
0.01677849647423862 -0.0824638258945535 0.3691886663969693
0.12086727302965691 0.21119367673571232 0.2885225846146678
0.14970330574758692 9.48602137232799e-05 0.20370502846309152
-0.030460145617232773 0.15028120682991303 0.22740586011190295
0.05172505603336127 -0.1905498623616045 -0.3537752301977382
-1.0056195784846964 -0.44644291502671507 -0.6829835672046506
0.049423109503560554 0.22056784583384897 0.07841829884556187
-0.10030437870414845 -0.5136796391736773 0.27821713187894886
0.22068481193763342 0.13277126222613295 0.36868351443051706
-0.10609018003392476 0.1973874792099915 0.2766053761323665
-0.11027387202077053 0.3838440910606597 0.1580538669249205
-0.04982787958684543 0.3751172732699979 0.12084097752937857
-0.018037893839110006 0.4281029052095176 0.1693087824587772
-0.5933128154068315 -0.38242509383738005 -0.33411283000626146
0.06493876185654537 0.07933911328653166 0.23079620845149784
-0.2807080961804773 -0.13097031025758663 0.2786192764862344
-0.29283283509558916 0.5924883766284976 -0.0815687414824075
0.10560255285592893 0.4174571802722976 0.10074878459588886
-0.13591195989800106 -0.40869284568008424 -0.4461401288225236
0.191623497991104 0.3595761311736403 0.09127068541989722
-0.02517829593686203 0.14333344245134993 0.12874356437132473
-0.22978416785394384 0.43266065412449317 0.21458590715119868
-0.10232389969426219 0.14497341075852865 0.2067775191995581
0.3146369114352579 0.48402205179577007 0.20512888119100334
-0.9450528787785932 -0.14144210231908946 -0.5508609850302421
0.08985720524084823 0.1710878650194798 0.3107185496152979
-1.0339400660667224 -0.4539860721752622 -0.22374648780354162
-0.7676586613035011 -0.5667018986379363 -0.1652138306803789
-0.8580731160972307 -0.6016070869036714 -0.948050710887525
0.4718545305959126 0.30550720803223314 -0.6081441489817676
0.11328125291676608 0.28147264662011423 0.1657283087226368
-0.06874602155667862 0.28293543378370667 0.24043075804782055
-0.2413195805155189 -0.22509647415360845 -0.3609433982926458
0.10412986952973531 -0.33227540109406645 -0.6115026885462818
-0.8101787107605957 0.25010657032669553 -0.23697044295903447
0.11696312327705423 0.36822160376326296 0.15582538209032937
2.4000224275867044e-05 0.5911070235034206 0.18495292498591914
0.31649514279260343 0.15080928803873353 -0.3875034466648898
-0.15523589795018655 -0.2002224116071987 0.24518899709660327
-0.3400328798260264 0.6397671321941468 0.042404742150858696
-0.13763864924268368 -0.017413257863053366 0.1742270480570572
-0.06969267062954965 -0.530759442593191 0.1344409835623676
-0.1583323003938905 -0.40711809572886704 -0.28441960013510514
0.06503199907989468 0.1839341778546156 0.058679221160893226
0.18260647095638338 0.22833627036962484 0.2803493630189351
-1.157939758284878 -0.7145984220256436 -0.43194679739824476
0.07965022470552788 0.1485702823609641 0.2141852827148845
-0.0370224335058295 0.1494640739030042 0.1077297779726142
-0.11622434206455459 -0.2992563904971131 -0.35849979356623696
-0.343339150693336 -0.5590624889860629 0.19896583356909223
0.17392345624533584 0.6955668278935752 0.004100142886764589
-0.20627492497832822 -0.631910305472883 0.32178053144376995
0.2510488727662619 0.1261820346717084 0.32315680323239016
-0.5860297856538074 -0.5503125671384506 -0.0462614609714365
-0.6626956409126368 -0.1900066250170426 0.1382489290982908
-0.1777072898483085 0.5262251270362225 0.2098881197731424
-0.11380208010737991 -0.3347155023997312 -0.5493611900665597
-0.031496426836015515 -0.023578099748199893 0.21176770577875337
0.09006180489869363 0.06175132242071588 0.2893257038851743
0.11643212475968127 -0.4408275741716177 0.27339389505365896
-0.10404825456807898 0.4560786572190552 0.1304776020084374
0.20529295875367898 -0.05114569583049915 -0.5035211664214445
