0.11457463366040439 -0.24981772760623913 -0.013114973730168596
-0.09138061521486106 -0.03524513453726206 -0.21669849532844385
0.21990904722747787 -0.0943808796284829 0.04160653656561667
0.14627138018753996 -0.2146275019037602 0.011686411771202092
-0.36337592281900616 0.1712905158081393 0.036407432757054936
0.06330461955472366 -0.05012915735641752 -0.057124820463628205
-0.12484634046909295 -0.0144978421847521 0.15537103418627024
0.003803186407940441 0.09697327492744012 0.09146070326646379
-0.1963479933439686 -0.08169257978506154 0.08156900236984162
-0.11638483392176534 0.1373242213734613 0.10197554007700019
-0.008304077439382431 -0.04696597309987276 0.1808248718046595
0.16932369033183586 -0.004638524531143773 -0.19094129762091874
0.2845277870379001 0.1522566660448621 -0.06741781967508406
-0.09113393949983502 0.20575317952972594 0.0852708099047785
0.20054317288217396 -0.13406076738191022 -0.07602768371782236
0.23347690348146227 -0.061584405933587216 0.20946517428893094
0.08602820479058762 -0.25896710785567745 -0.03234484418710678
-0.04739302806624168 -0.15773913297246014 0.03037237371677992
0.1362290856462224 0.13317894357364218 -0.10418158419896123
0.08028735390223242 0.10183907651697008 -0.251700952321155
0.2288711415211298 -0.04296836953926346 -0.31010541062718794
0.07797646941349294 -0.08541930924328581 -0.046221351650359545
-0.16281532357230344 0.02341148211127785 0.15197986889901077
-0.036216632039610244 -0.08202710499117226 0.32127056600644477
0.1448119884283453 0.14737929296985744 0.09005527541792067
0.20201098483671812 -0.2408406791165814 -0.04911428959461013
-0.19841226055952907 0.02626007501937461 -0.10914261278146896
0.00016095529052133733 0.03945345585199253 0.13340106827309187
0.18806604538640942 0.14131939297154222 -0.10916330547573232
0.1613949232067956 0.02693935860941475 0.335787664502359
0.12327199346648277 0.20723175168052782 -0.35578007587480903
-0.006144075349417844 -0.0573720064584635 0.3015966006064139
-0.0913959213983558 -0.17432803569579633 0.1145582984001727
0.07112841938305457 0.21253069262787277 0.11650499973826087
0.23472482663245503 -0.07040803981373024 -0.2432695150274304
0.01532484135068223 -0.079054127909588 0.18364013473631777
-0.07061010049733799 0.004757744661278268 -0.03554577075490152
-0.23274052808568452 -0.07854496673675877 -0.05263567576996229
0.24357796465283926 -0.06692799457325138 0.09628974660189468
0.0677825837752027 -0.17382981713384302 -0.09676262952022309
-0.13810260449074066 0.11822156729985618 0.12268081629652912
-0.04977681261251488 0.2212875117630449 0.004664740908481393
0.16160458735770522 0.1392998062408487 -0.08128104753479909
-0.16778434288066166 0.0829512429234581 0.040622843191608256
0.07099332418865677 0.030688176644102557 -0.17422743574736826
0.19973020606507172 -0.1994854388547737 0.10186125163594918
0.07512585813336801 0.06853260521988859 -0.22886203026147592
-0.08221758729740469 0.02313586547511071 0.1191463465501644
0.47425499448963976 -0.05967975021998915 -0.0922203649884869
0.12362981216122369 -0.03045523351288306 -0.21463019516712104
0.04485269964914891 0.10935396471999105 -0.23515341593724595
-0.06934323760257277 -0.07698928964815965 -0.06250480120642338
0.14472549632196544 0.05446704501628146 -0.1412078980070047
0.13633175311404053 -0.06344590447646041 -0.09462399706233038
-0.11532930250474834 0.029645941411709967 -0.06432344076922394
-0.23322039308177922 0.09309646657712127 -0.010874871630901973
0.1340018465200695 0.10432840297135822 -0.15704195904417304
-0.07503418179523783 -0.1407611541800362 -0.11067277031371306
0.005606214492518862 0.07728856998898202 0.0931218660039833
-0.1464203614404243 -0.17289348896641893 -0.14555659451186762
0.3130949772603466 -0.016949718560580033 -0.02769069738284312
-0.0858421525369657 -0.07710498245805168 0.10479589376740364
-0.2579508380639952 0.2457260973427266 -0.026256552614243568
0.07670179691167137 0.09806315877130001 0.15566027391413526
-0.2719835845893826 0.12145370917925521 -0.020219979395483374
-0.03312609138946063 -0.24829687766169542 -0.0045482734811426355
-0.09234092126578758 -0.023285669211784096 0.20118639980529482
0.14064311193272042 0.14388481463235467 0.1871771878352295
-0.1939395102299414 -0.13510882368040583 0.12540242393844947
0.03493879590986464 -0.027385360057772583 -0.1401745834923709
-0.02414015430011994 -0.15870871468891495 0.1619962063339261
-0.14974356702449715 -0.13405060930256202 -0.1333036417443231
-0.13462239343919105 0.15990066041382545 -0.05579038905532979
-0.20087209206421686 -0.11754982269780798 0.0926818438545175
-0.10314489625810229 -0.0787803722448945 0.0017137105722412574
-0.12719036926478539 -0.09522666734703966 0.16478189048934092
-0.05848933139368078 -0.13060288691136673 0.0006217745529610958
0.13572647317266948 0.24488990904475377 -0.16828486966112918
0.12188625161253759 0.07221923495104343 -0.26772347210277525
0.18583567678295726 0.036742686241672186 -0.01217891284800227
-0.17135284929333292 0.09438621403866812 0.2870667736655611
0.19595429962607525 0.04137141025317548 -0.08604101266574789
-0.16999846380302366 -0.07393719603322677 0.21593924425810834
0.14449050904033786 -0.025903421008513748 0.37006234821121614
0.05047898726617667 0.1403314410564482 -0.1288904333710313
-0.07853308733499889 0.14504467029151058 -0.11588857788394556
0.15917662755168055 0.02968834171874633 -0.24463256595931082
0.17701760898728777 -0.07665787314416385 -0.2038699506740698
-0.041701640206582784 -0.008623670384840984 0.14835163342807534
-0.05909794079890301 0.13336132105769297 -0.12541499747295112
0.08191902977963625 -0.009823762336903397 -0.006611081913627963
0.11078240503220119 -0.049091951942538826 -0.1736775455895526
-0.045330295837644224 -0.20212944108217454 0.05635332336547582
-0.1480399136140704 0.13479153191497026 -0.06412808602725123
0.20717129515420024 -0.23500954367869167 0.04499768862101325
0.11172171990499043 0.19191792253600232 0.11281724212334131
-0.24691997018790696 0.160354397751016 -0.1777592336013729
-0.0533892328339889 -0.13651185146860167 0.17313134107006975
0.13806763712899442 -0.19036396037681788 0.27919424291641204
-0.12260025619289268 0.021451190725803645 0.05613903067959113
-0.10457748230834514 -0.00396503782825187 0.11091526447917117
-0.07191754523484964 0.09957094170961364 -0.0875994478224586
0.08758422440262259 -0.03569481761897042 0.034921452741067976
0.034991341523183436 -0.15974793647712462 0.15563958189228663
0.05818922045552982 -0.15039696970067354 0.06890590449221418
-0.04336180979766112 -0.05637805315965295 -0.0606505755302668
-0.22713840583942138 -0.21327585196071452 0.13070590452789754
-0.2057625496732231 0.05712629886783846 -0.033008624820521845
-0.10491075458410808 0.23338412171063613 0.11292862401646787
-0.3165596935374061 0.011408652999129208 0.09208339741738197
-0.17842451138656254 0.07314958017099629 -0.019666415838591213
0.017321872609631254 0.209581704461654 -0.3063303775708716
-0.1587864182645065 0.19046353655929002 -0.09975951685688716
0.1870201618412705 0.11896560551034142 -0.22310757282389077
0.24833086148887074 0.1677897342585383 -0.2635750486109128
0.006461328812642869 0.09524674066738095 0.06622246966428347
0.18965905210252107 0.13863559829074001 -0.11911011759974313
0.045097820456438835 0.18379770006024237 0.14953205091607674
-0.15918295973268715 -0.026325277036638305 -0.16345201516094598
-0.12215309768792967 0.12649518133119508 -0.04640987947250096
-0.202128522031671 -0.08897381358481674 0.16756571895638467
0.2471522198261914 -0.42339138521081066 0.03902170049862239
-0.07041653519383985 0.023447713354894945 -0.15914455391993812
-0.08777991861026786 0.09528168131150372 0.026296727622066474
-0.009830005572853639 -0.1673669128474484 0.28069059423799736
-0.02185038296940785 0.23267085624219044 -0.06267870132887936
-0.28009564261518016 0.036051437324633194 0.21697710675168266
0.022213390329790098 -0.10694968420251963 -0.05724368457944038
0.12070417469186968 0.2222653427890868 -0.15153595790384744
-0.04032204136595926 -0.09342763685313873 -0.08009662982013972
0.054762802099459676 0.0880332812185797 -0.19257920728359065
-0.07360948782437765 -0.16176525797795357 -0.03536336666261072
-0.26561964240833924 0.40091564996504214 0.12842145185540924
0.06424624923910416 0.04259921961640564 0.06643068445423875
0.029483469787206087 -0.029804093535581784 0.2163567810630133
-0.13597102099674077 -0.0015285998635586491 -0.02480950477131095
-0.014044537996947496 -0.11528646150830053 0.1016492727717743
0.06582519225710791 -0.1958082253584713 0.09479288751802023
0.17393136284781419 -0.03353328779903462 -0.13600344757315969
0.20611788460317768 0.07435041666219994 0.06861980002259649
-0.1866758895632786 0.20870528456417398 -0.12268180840910387
-0.22629334670047918 0.08273496200581151 0.1691263246480798
0.1482627746043372 -0.11198481860385189 -0.12042397392403913
0.01644731333296993 -0.07886914845706985 0.21776491138214055
-0.062306726186697484 0.09213798696897334 -0.06536160909778758
-0.07733903189178301 0.2117861940723468 -0.20524022424576455
0.2092029540535817 -0.1951436040083743 0.1786517132881893
-0.23671502129608654 0.23056257189309234 0.2640650539551137
0.04800944065273449 0.029918832048371667 -0.10236135486453758
-0.1082150188781985 0.09160993314530994 -0.11903554931799755
0.019586185975960364 -0.3240287054478896 0.2376332074481342
-0.10725717699083415 0.1670329560440868 0.014231774169051137
-0.21582682384530072 0.13443871229956636 -0.30689309306891865
0.061838868703628966 -0.200332399008313 -0.06261490720447771
0.2833375364885671 0.26240082231018264 -0.4274101771584141
0.05384837376245484 0.019790653744872683 -0.09322228321746615
0.12406303688368862 -0.1996181401276398 0.1796502724489777
-0.048552267063971304 -0.2036215890272621 0.07906699270137896
0.12036294880944788 -0.14681475904702865 -0.12833502544854317
-0.04402851109892642 0.12096203354865646 0.23882374646870239
-0.14428256087623093 0.15577078402282907 -0.05902731112032636
-0.051890965805832384 -0.030606425048233906 0.051227756676155194
0.0025546734299615854 0.03312862472736292 -0.28648309724739496
0.1867237312766801 -0.18105165615046792 -0.34827179351574744
-0.03353791700910398 0.14949261045526083 0.18903980847885662
0.27238556168966505 0.0026438909348333924 -0.019040854749174253
0.18913726133729633 -0.023954012785079592 -0.17109544450850067
-0.15480221337178304 0.014634904947555647 0.06530187185786117
0.016601803600450958 0.05447668355420726 -0.23506667310449056
0.03835940822414449 0.1967051661031693 -0.11236568510475314
-0.011385287560842729 0.23420090265300464 -0.005047848975085722
0.10425946820438473 -0.001943234724803544 -0.11905853326917276
-0.06326660363202839 0.1843261248332619 0.1268054925798419
0.2787691582720069 -0.19112944537064402 0.10337474417298949
-0.0854729328280384 0.08058740059557465 -0.09607142777342319
0.26281125913952535 -0.11338517354088352 -0.0556246842307012
-0.11944916403226503 -0.07505339658588778 -0.02760233800546164
-0.06237582724833349 0.008988735003848248 0.13506395517106734
0.011936948318358087 -0.09734536449884496 0.16309359981299307
-0.1399098641590411 -0.11856249997474208 0.25645541706643293
0.1431019975980963 0.07301627845037978 0.048193687993920035
0.31493234850995144 -0.1316317513120776 -0.08194493556110649
-0.020496568919329126 -0.17008077507407057 -0.12142273871112776
0.13257990140126658 -0.0069273033935963796 -0.20856175678181596
-0.02102637295982648 0.09214218834296745 0.031148989285872987
-0.05727235153849259 0.034909872650941844 -0.13041632197834785
-0.0434379454041643 -0.12054923180767163 0.19155773889698072
-0.03288257625405237 -0.020454911308629153 -0.10557682452662996
-0.16035068267086897 0.19372149155949833 -0.1740837502686877
0.17263622416080593 0.038843107303423954 -0.0006828995200965197
-0.08520275484257185 0.19410566648641134 -0.017020142819835275
0.1957162417345659 0.08186297797510537 -0.14975298855009928
0.0385599855284734 -0.17178497735118042 -0.0809937929461511
0.10134450133580929 0.24274213613135906 -0.3106206429346238
-0.07699668978634457 0.11356023065890873 0.10159390072148519
0.37982053193729776 -0.0016318858098596217 -0.17285767228736046
0.019939554297046285 -0.30063523962660144 0.114325135599847
-0.007819725963909284 -0.01862390106763635 -0.28550436293471465
0.2664667070984749 -0.13715981440307556 -0.033805916929381966
-0.05063790669673683 0.10164309532309497 0.13762841928191547
0.01527566633523275 0.2560572432343049 0.03642414350492312
0.06651969516658587 -0.010003966369547406 0.04817569599398858
-0.2202861295279038 -0.2128983351472521 0.42917306556073415
0.24707061308897943 -0.12724102703295237 -0.33247118062959474
0.13875092557379143 -0.0648558630806643 -0.23108376681115816
0.12171521151442477 -0.11875698964598716 0.13057738472412764
0.0706886850994009 0.028261493196966917 -0.24470696322470675
-0.02125160701767135 -0.13575646803932231 0.06601100889023322
0.14532973707653205 -0.29426605797446403 0.012977490418387538
0.18011587224858844 0.0895720615015056 -0.34897386806230296
0.022656144435769833 -0.08219687826904173 -0.1852340052454959
0.08236407806348593 0.08320490842112191 -0.26976928842611564
0.14495997761188523 -0.2648907783209139 0.20208162532158513
0.020443346502241975 0.3635913631617358 -0.2994548842711475
-0.11986745176959479 -0.17912332623391958 0.30112258607814946
-0.25908878436208443 -0.062200664811516565 0.13661024687442003
0.1775175298209733 -0.09796234646946844 -0.07826973573293766
0.002187781977747686 0.34056782347087305 -0.24982043197610046
0.16206099279454186 0.03562309305033825 -0.0513742278833942
0.1172725889707781 -0.07647758517065216 0.0037347216732240497
-0.021086388764966903 -0.09094927138818869 -0.203204336868902
-0.0656281285917261 -0.07265129593352425 -0.2092742498194553
-0.14727124633689903 -0.14422378592508442 0.015196021855864482
-0.26814192398917963 -0.18112446943653257 0.162219875700052
0.21328530881785204 0.08539769542025998 -0.026583559062412908
-0.04105736800147156 -0.04799456587443694 0.1327817907686624
0.09727070407665937 0.015536560349326642 0.08120475468698184
-0.268954811509292 0.23621868981722755 0.20964041027212596
0.052234785557703875 -0.12464989173659066 0.05403709130732794
-0.1836204482970188 0.16805105543865562 -0.12462163180993466
-0.33074103667862254 -0.08415746591431796 0.30635339787542276
-0.27506076850953537 0.1333435784111163 -0.0518939469796383
-0.12474350975732372 -0.057569888428373586 0.00858483740148372
0.05999615282806406 -0.12821691299202784 -0.10450133214119008
0.09100829485438261 0.020944293770818925 0.03551835465799024
0.017378937425689665 0.18073128997933297 0.06408673097733608
-0.27205802196369216 0.013759762951607756 -0.06512643194278468
0.03249006321494905 0.1741778170380313 -0.3125983398718557
-0.0019581217697051596 -0.00017121333421779933 -0.09409520593032597
-0.2065079361626755 -0.20202290811812237 0.16293381188114994
-0.20979409831514362 0.0895190209527729 0.1383006869806282
0.10942560889369109 0.06275534711882638 -0.1598912744071508
0.22804939903813537 -0.3732622421627573 0.31112637789072006
0.047902075862791764 -0.2070933101849388 -0.025421828011687818
0.12307732381942682 0.049222225173188174 -0.09944295598157464
0.2351533770572554 0.23186363245304717 -0.03581823465663556
-0.09382912441865364 0.12595822938958015 -0.009245134919504091
-0.05671878029310955 0.053622770155876846 0.03948445175740164
-0.1438192826069631 0.06267223146472396 -0.12603346300407836
0.2200149540761052 0.2775839222292665 -0.13769821133919125
-0.1284088713184785 -0.14567828358679563 -0.17340779820247407
-0.19396940239316735 -0.17808170546620666 0.09314009509611815
-0.044147547131923016 -0.07525910831724722 0.31261000226332936
-0.002822202561902653 0.037294021113161456 0.29121080674421923
-0.14677071148233664 -0.17899842800568289 -0.06518305404896282
-0.21582227617078945 -0.05083447332229853 0.251250528540593
