0.0953293148451747 -0.4791236761470651 0.16667506776504512
0.5250909202357269 0.1758392579402711 -0.6272724822737161
0.06372483084441402 -0.2983994171346754 0.13303507401913495
-0.1274892389066266 -0.053476906878570415 0.08693911323875281
0.15320166236528593 0.26833455552736457 0.07729477385520492
0.1646772659957107 0.302593769696411 0.10388404220282645
-0.06028770894007615 0.11197881565510627 0.14373846787691957
0.10968307829114607 -0.31987540891310934 0.2713591678157134
-0.26510463992450417 0.5687191383675255 0.11317086291432393
-0.15096221294253062 -0.056143493559574646 0.13399953043855847
-0.2376100002145429 0.4195420568637562 -0.18626662569413363
0.16304638543595976 -0.4002650016922389 -0.36626644769907807
0.009434214753505223 -0.10735914834968524 0.230456782391834
-0.04726882919499361 0.015129214834313103 -0.131133917069488
0.056127593308448936 -0.09957201350936083 -0.00022826352511760197
-0.2467034446802236 0.13037022621916225 -0.06031466129131724
0.202068011009545 -0.16565100326582408 0.15678033885568932
-0.21653335958191558 0.26061218465564695 0.1770703716481653
0.338907284769248 -0.2175841343495002 0.05054460956339366
0.0556570382515104 -0.09565500690688726 -0.8073627302120598
0.08646791820084787 0.06737719594850239 0.22656663860014106
-0.1518481353104852 -0.020268215012577993 0.13276582317396404
-0.027315774738633312 0.03386376360580618 0.24399308895340865
-0.17230523029081607 0.06086520588763796 -0.0068979237494748245
0.09173039643093334 -0.584009936902569 0.1279705141910108
-0.15315848984019065 0.26599623293044083 0.004081304431287586
-0.38758932691844333 0.35922608203086115 0.3048896239678993
-0.3305912348303114 0.29528151597652214 0.020822319668002028
-0.11872748768324183 0.4082473838567937 0.0683205676413535
-0.0018387798791473272 -0.05523328985118404 -0.06426197243967005
0.1034660069843524 0.08839858205585327 -0.006199953554704353
0.04727823833054776 -0.08106157026413681 0.2898081833475837
-0.1208609174631365 0.15874358150522405 -0.23671142484885738
0.011180523811304775 0.1575177528853617 -0.04404249896301626
-0.15382360535372192 0.4577125206393639 0.002109811901552815
0.08486669136161291 -0.23308026051639488 -0.2766088889458621
0.18386343795385102 -0.11163468014079148 -0.3596956723780268
-0.02729222451525483 -0.23482606121402338 -0.44316468561904776
-0.1268521434394559 -0.47344391608821795 0.13153842467639099
0.10270130721471186 -0.4388015828591831 0.08613177480818204
-0.12663058878374578 0.4220341677743867 0.10714896174541583
-0.07053824566587467 0.3164788495871133 0.13291279648076018
-0.07360827615367369 -0.2214873140932911 0.0688397541686512
0.04966491104281206 -0.09133113365063561 -0.05956558639516979
0.16712358304163405 -0.4560041450303203 0.03314529509520816
-0.1893506750812512 0.10978358609002663 -0.051636010692684114
-0.05180686572718752 -0.19210633395071672 0.049572122405671805
0.08336431873447794 -0.24827646622810623 -0.34090790307795205
-0.2934875516803607 -0.12174516529094757 0.27836691497838284
-0.16835030152932015 0.4402386764471695 -0.21850289188665384
-0.28032681761413847 0.43134773369145846 -0.19240308436323986
-0.12661043992937612 0.3398994532237113 0.2567238160806681
-0.06453891546824984 0.43427095096254875 -0.013791082682857033
-0.16769740839278333 -0.12081697550063239 0.24881973122628653
-0.16823348026596852 0.6051395917700212 -0.058387833284881036
0.06005814561199406 0.22459688916251064 -0.12901631305950345
-0.09330030233225102 0.007297303434703134 0.06470953053517274
-0.1974595885266047 -0.11453410811409397 0.04849993563283251
0.13757774125483604 -0.5862200055320932 0.04310885335505171
-0.21034184268444975 0.318887588737183 -0.002045212313789243
0.02077469073743103 -0.2676315482579879 -0.008230510107680172
-0.164891992852865 -0.08615882437340415 0.13195903907664924
0.0048586992816198864 -0.16128525625614687 -0.03027357339797068
-0.15586179209130477 0.08303124871770538 0.0881896196356952
-0.31307632069881436 -0.14815956389495366 0.013332911256923895
-0.08893459818560216 -0.34043599569175453 -0.3890636273563927
-0.10925834359255059 0.034834911566852464 0.011112900056810171
0.08246874800046841 -0.3605656656567676 0.2011553056174111
0.7996068698174107 0.2114847123414701 -0.5910388936107507
0.38382876199454774 -0.45659214793914793 0.1413214348211393
0.10953595142631062 -0.31823703497791717 -0.09144574835155471
0.06023719524012006 -0.31777705205552015 -0.14624179149773006
-0.09990770270242273 0.02841550600159056 -0.1190775890242693
-0.29545207308897115 0.1979966414328173 0.22246031985667997
0.9102119267840106 0.2012009877857039 -0.633623509115868
0.1488371650371815 0.1969353759593849 0.017570949984965133
-0.02935014396249142 0.1887055578330408 0.026869673097321457
-0.09361937211493038 -0.0020783960890129864 0.09264197501235397
0.2806071915400164 -0.33058491841919324 -0.10388115249666217
-0.11517435690632734 -0.02096004762583028 0.31594563860685326
-0.2976591300158756 -0.13273968366064692 0.19966105872700043
-0.0034935161358916013 -0.16262826605054417 -0.06566832661608951
0.03939666829008583 -0.19926343944378735 0.22925798039316758
0.5998504255045332 0.18142339217175615 -0.7940292091987303
-0.04177945128759843 -0.17664787920516503 0.00041491861128215826
-0.06945043278189048 -0.27399136277885516 0.1409281440721229
0.08369742840863048 0.31106778035285537 0.10540197647823905
0.12654836612207046 -0.15941293651348376 -0.053645522843672376
0.23501353908478126 -0.24754983713714707 0.27095911766280967
-0.034925919320953416 0.18084985265948428 -0.035825485361006965
0.13456241234922664 0.11417271974574138 -0.4215779145154194
-0.02191708079902074 -0.2721528959343503 0.00901835915976867
-0.2451309147712996 0.22837069994530756 0.020558637881421527
0.012642365628370912 -0.07148366837547222 -0.1333394235202809
0.2635792382882578 -0.20777739034117712 -0.1572943225362268
0.022144745065736875 -0.3603669752671067 0.2472581791212778
0.0892098978966815 -0.14229999371410063 0.07293728753325537
-0.0830550660535642 0.14277712423509306 0.03720575451054661
-0.1818696790487225 -0.3858392300152272 0.16197682386052992
-0.15527675565615895 -0.24174898458249902 -0.02915802376903238
0.02276711129883489 -0.02494292511772032 -0.020066543375935695
-0.17262762684566965 -0.11120884064274239 0.08725573266767625
0.3024503897629024 -0.4339881276064908 -0.002058391505903677
-0.1317711737806788 -0.23090814370233154 0.04434359334591874
-0.026283637987495 -0.31016006112395506 0.15762486014394458
-0.1693711396362302 0.47973699688065924 -0.14951248237178172
-0.0030270195317197907 0.020378320824580194 -0.24730517881312444
0.23586584754872517 0.12842440916025788 -0.19588334444017527
0.09493778509307103 -0.2741250336321889 0.029766238377885917
0.0011124051634711304 -0.23538012983561882 0.10724337700372505
-0.42671001670374825 0.30400377705314885 0.1267961046840656
-0.16978414935770644 0.18662797259939104 -0.21310518953953778
-0.03808396036367934 0.2295549475425713 0.36822528290311385
-0.11421507493095849 -0.025396911578520198 0.10173595289806388
0.13242491082179086 0.07503171408752536 0.20434996744891284
-0.05778098892606678 0.0711621314251122 0.1410979274732941
0.19432581677504923 -0.6528155570029972 -0.04528066566194634
-0.09323776959672919 -0.1320667504596893 0.01651594795815801
0.017757828609333955 0.30916453346327605 -0.021369393188765722
0.19696663381983745 0.22083424791442716 -0.2874457805558001
-0.015311409078953227 0.08495780400755998 0.0539840634619906
0.25131987210500795 -0.27369112313954547 -0.10821468412457913
-0.23401756658872674 -0.042483917287778054 0.22276902011870572
-0.010832409718184343 -0.22840235076903945 0.031782499428378
0.1290526553021765 -0.25484244336054923 0.1994033817290801
0.30499466557473665 -0.1027049688636204 -0.08751783499127638
-0.18985005914121417 -0.004489676649983171 0.07430801029357814
0.04864488236632882 0.078746851218214 0.0987055050162164
0.07696199384679109 -0.3050226993486079 -0.14499076377263345
0.1724479340964322 -0.1296898813564516 -0.1846699970217138
0.09068934383223777 0.095402537054955 -0.14222807256332662
-0.2531444897651779 0.12262662983130009 0.09688102819670309
0.30494914210604784 -0.2551592228730758 -0.26323521610227757
0.16984656807775939 0.14789267902232442 -0.05595779629619904
-0.030932457868486543 0.03152052017543584 0.12722371912648198
-0.16033749130471567 0.06716568039303619 0.02934136104740927
0.015449467920737725 0.05047692147080925 -0.12564785597544717
-0.08504637264208603 -0.08279350411377202 -0.0663083343387155
0.14875002634221005 -0.015977393315436333 -0.14117215473620814
0.247437226925345 -0.12933900551372052 -0.6501381087823261
-0.19536250780799735 -0.2664637097107181 -0.04901233436966762
0.4189052234984607 -0.20115051559234612 -0.16181607333074902
0.008320366687716402 -0.112131895075465 -0.11242540966117219
0.1238694866899746 -0.30079969762203906 -0.23093823937895208
-0.12508773256916214 0.028966894819583998 0.15324668803237507
-0.08072632249511949 0.4091179034533925 0.11443482211942634
0.09484195449988861 -0.34166071840865453 -0.17826574022497735
-0.20003007596595077 0.09732141582901369 0.2695830234172049
-0.15454277950110762 0.34864063564371073 -0.06343021238477112
0.7601612620716041 0.3236402613040708 -0.6566353130033779
-0.11379327294366542 -0.17697722840651192 0.3687288137898657
0.11620317670254132 0.30001891959843124 0.03465776052474689
-0.22416486765297247 -0.3220743943538378 0.06637712000798553
0.18282316411874455 -0.2951027253699219 0.06715545783875493
-0.07958074277376538 0.3533885329290882 -0.00797990945056157
0.20235301769207148 0.022379154210804164 -0.15961346869667895
-0.0994949548946357 -0.11009849617701847 -0.19972056924609707
0.1355638724594305 -0.2931042310732636 0.2311552248401493
0.03992202877235879 -0.26764667695047584 -0.1644548183882214
-0.050895233135058116 -0.12715351217972606 0.004109072932875703
-0.06968669853209257 0.19475696254871783 0.1265130520000062
-0.1531684987969772 0.1585961484943246 0.17414092559688818
0.16070792326872152 -0.5404044775513008 0.010350652171485569
0.0224254233036285 -0.07607945564221956 -0.06405647154591898
-0.16657781408844552 0.4476134615051823 0.3227629914349052
-0.19705902395553634 -0.004341092783487838 0.12279032967279475
-0.043099377290145534 -0.2820292166371201 0.06073747161693758
0.20539779002666939 -0.6295320135780132 0.07238481232475602
0.3016572965400989 -0.003327067264448918 -0.6597176915316322
0.16232967816305732 0.07979715679581204 -0.5718243493790993
0.13879133575816374 -0.07437541157693897 -0.43949816571507383
-0.017208341915873192 0.11215381103581006 0.009066040274684958
-0.14227356958660597 0.4370541876616148 0.07045858692494586
-0.4050352971986543 0.3454744899359367 0.3394310910214336
-0.03074749661688054 0.2748587968172815 0.03570615012484573
-0.2237862632322623 0.27746712663649 0.10380064906303758
0.05612999621141494 -0.01073559549404967 -0.07188620496909659
-0.19185662663454991 0.0654346643846454 0.16682023868859167
-0.12833405039653759 -0.06085853890713851 0.05781518377015707
-0.20808443494129633 0.208304014248704 0.06805062628978667
-0.12794108701791362 -0.34967114428791374 0.012573400013879972
-0.039942883652642286 -0.12092881114162614 0.01599957882891187
-0.125220151168542 0.5438524222011937 0.13931336568717426
-0.14439805434348751 0.022763409339818196 0.2590274267886854
-0.2491183949460181 0.3487521834234563 -0.046447827110394795
0.14500342162782018 -0.032434086092983906 0.05303448192750176
0.11583274688380288 -0.15289488234617632 -0.2192350165127579
0.15741604797294828 0.1347534863616537 -0.3028764665178809
0.1577512434675757 -0.27054024125712095 -0.036400931892175484
-0.30396800602971663 -0.2688954211975673 0.06136622901524905
0.18517556869226218 0.12024809514298564 0.14802969476038141
-0.09465749491244448 0.025664563219168324 0.2415647670737366
0.13937807018962306 -0.3897885235938782 -0.04369562728176247
-0.04258559080852607 0.285486283983583 -0.13453223174750786
0.07450144433341002 0.15701394743169353 -0.10446768317517122
0.23887365189045587 -0.4760310980409303 -0.133162968450876
0.12219100824449511 -0.13040192522763228 -0.35922414392778157
-0.09510276639986141 0.43523815275421746 -0.01754008134674017
-0.18963695186478954 -0.4711423073736621 -0.16061592610810496
-0.0034061052859238453 0.37001332856272184 0.12428831669348384
-0.4484745232463218 -0.1882118925163019 0.2137467228928186
-0.3523118787017228 0.6112126234255431 0.13647211315727165
-0.17515702893534973 0.2317040712908509 0.1952756294531654
-0.28051436973720834 -0.31772714744389724 0.15976377893825786
-0.175168663312398 0.1733620691291266 0.1674318802199686
-0.15561532121115715 -0.012164208807603426 0.052106174784308464
0.05023576866797242 0.08599028744797818 -0.0022060846016280673
0.0033300049496970616 -0.516139192933948 0.038501558927975715
-0.024857732824328967 -0.25489920467617067 0.2545678007207651
-0.2586233052849135 -0.0922422469356454 0.14922140042834806
-0.04711912276190641 -0.1956391372583075 -0.1911179119251003
-0.09302037226318545 0.054850562121514915 0.051683003797444754
-0.19363052643728115 -0.32228256227659235 -0.07966985609365203
-0.4367308149759595 -0.16342429783650134 0.18261710387117158
0.037378519076828154 0.39666582315132504 -0.06167965814911556
0.24724934011876437 -0.4868360266672477 -0.1464644568318095
0.3241554815125371 -0.49062315553961605 -0.2725724804307042
-0.1972066446332222 -0.4357500579428208 0.2029867269686492
-0.42386975098521434 0.5216264232121545 0.18438359645146213
-0.03755363742272597 0.21208798985538332 0.2618495322408057
0.12870457628223533 -0.3870046488489037 0.1903964035732686
-0.10321070997428203 0.12157650068668979 0.257271152731003
-0.06996217547742126 -0.21094575188027748 0.2242024199238802
0.049379691890030816 0.29735850855944834 0.00038361306743561833
-0.2879854368294866 0.45422855256098993 0.12537002518885185
0.014582534881266325 0.08413352473510298 0.19847974963253415
-0.438902489955046 0.23998605157448807 0.254316297237003
-0.1104346144438434 0.32611005191609305 0.17714889395788241
-0.06686105288455436 0.34670322608386 0.2076896782127913
-0.023420217751622566 0.057314639624174046 0.23917899655676872
-0.06883330665588465 0.14433764091557164 0.4197170562925244
-0.27612989754292205 0.3500606995635987 -0.05188866425780062
-0.02139591938782586 -0.19247906963218708 -0.5164014136962963
-0.16882460064665447 -0.25977996985498225 -0.016662697226236575
-0.08199811548552088 0.41639066215241677 -0.1898584614333644
-0.04123461540545904 0.32156751199971406 -0.09718062251804672
0.15123320523733985 -0.44693877905448354 -0.14996226527951423
0.0512312940059372 0.126376958444045 0.008688640765943957
-0.2577973227492763 0.10311303297730345 0.17207744873404732
-0.07292631293548958 -0.20344265292930583 -0.3412308187879251
-0.1914656760448831 0.1762844747017815 0.04659330360670979
-0.16188210564241182 0.03734080484375519 0.2550168453724145
-0.11573708843629786 -0.05835713593111902 0.24864332405995507
-0.2701586895739112 0.21523468779598573 0.2406083091217769
-0.13695183045058462 -0.05482375101294618 -0.019964188351675082
0.025416152475529502 0.3537015665483188 0.14029698948342254
-0.24266392600302786 0.7327162541353563 0.016863398249989465
-0.302411103868625 0.18375988247832073 0.1666046280100231
0.00869429175373974 -0.33980702271771923 -0.14099898984188003
-0.11637119763905057 -0.08171999420319778 0.1211843045964202
-0.14403825775750284 0.5310905592154584 0.07678821620546562
0.056421387781166184 -0.20124065708680292 0.1849624389372254
-0.07775009148840548 -0.005800807190537782 0.17227970480274962
-0.11200660217296232 -0.02101077348206113 0.093533770157609
-0.17421303393908963 0.4613461184823174 0.13820657520819116
0.08598609675923005 -0.4445159755657435 -0.03549073996042174
