0.42025
0.431
0.43075
0.435625
0.433625
0.431
0.43025
0.4305
0.431625
0.435
0.429875
0.432625
0.43225
0.43075
0.434375
0.432875
0.434
0.426
0.43525
0.43325
0.437125
0.427125
0.43575
0.42925
0.436125
0.4315
0.434125
0.433125
0.432625
0.435375
0.43375
0.432375
0.426375
0.43175
0.432625
0.43625
0.4305
0.43125
0.431
0.43525
0.435125
0.43275
0.430375
0.4365
0.435875
0.4305
0.438
0.4365
0.43
0.431375
0.426875
0.435125
0.432625
0.434875
0.433625
0.434
0.43325
0.43025
0.43375
0.436875
0.43125
0.430875
0.429
0.433375
0.434625
0.434
0.43175
0.432625
0.4325
0.43275
0.430625
0.432875
0.43125
0.43325
0.43225
0.431375
0.430625
0.431125
0.43275
0.43325
0.43225
0.432375
0.432875
0.436
0.42725
0.431625
0.43575
0.433375
0.4285
0.42725
0.434
0.431875
0.429875
0.43225
0.43225
0.43425
0.434375
0.42775
0.434
0.432125
0.431375
0.434625
0.430125
0.43225
0.43275
0.430125
0.43375
0.4395
0.432125
0.430875
0.435625
0.429
0.4335
0.43775
0.43425
0.429
0.43275
0.434875
0.43375
0.431625
0.434125
0.430875
0.435375
0.437375
0.433
0.4305
0.432
0.432
0.4355
0.43275
0.429125
0.442375
0.45425
0.462625
0.45975
0.46125
0.46425
0.46025
0.46225
0.4635
0.5185
0.538
0.5445
0.548
0.54475
0.55225
0.554
0.5455
0.554875
0.549125
0.548
0.548125
0.551125
0.558875
0.551
0.5505
0.55625
0.558125
0.5575
0.561625
0.562375
0.561375
0.568125
0.571375
0.570625
0.573375
0.575
0.581125
0.581875
0.580875
0.572875
0.58975
0.58675
0.586
0.586875
0.583875
0.590125
0.5935
0.584625
0.588875
0.588875
0.59125
0.59425
0.599375
0.581375
0.590125
0.594875
0.59475
0.593375
0.589125
0.59775
0.592375
0.58775
0.591375
0.590125
0.5875
0.589375
0.5975
0.59075
0.596625
0.5905
0.597625
0.602125
0.596
0.593875
0.603375
0.597625
0.597125
0.602625
0.595875
0.5985
0.597
0.604875
0.597125
0.59975
0.596875
0.601
0.60025
0.59675
0.603
0.601
0.597125
0.603875
0.597375
0.601625
0.60125
0.60175
0.60675
0.605125
0.6085
0.601625
0.60725
0.604375
0.604125
0.60275
0.61225
0.612375
0.59825
0.60875
0.611
0.608625
0.6095
0.605375
0.603625
0.607125
0.610625
0.6115
0.605375
0.6085
0.611875
0.6065
0.614
0.612375
0.612125
0.610375
0.6085
0.611625
0.613
0.61575
0.615125
0.615125
0.612125
0.607375
0.61075
0.611875
0.611125
0.613125
0.60975
0.613125
0.61475
0.614
0.6165
0.61475
0.6275
0.615625
0.617375
0.618625
0.62475
0.625
0.62
0.61775
0.61725
0.618875
0.619875
0.625375
0.626125
0.620875
0.620375
0.6215
0.620375
0.623375
0.62725
0.624
0.622
0.6225
0.621375
0.625
0.624375
0.625625
0.621875
0.624375
0.628125
0.625125
0.62175
0.62575
0.631375
0.62975
0.621375
0.629
0.626875
0.63175
0.630875
0.62775
0.633125
0.63125
0.63725
0.6295
0.632875
0.6345
0.63625
0.635625
0.63475
0.627375
0.63725
0.63475
0.63375
0.636375
0.640625
0.627875
0.63
0.62825
0.63125
0.6365
0.636375
0.64125
0.634
0.635
0.6355
0.636125
0.63475
0.62825
0.639
0.635875
0.636875
0.632375
0.638375
0.638
0.64275
0.63975
0.63875
0.635875
0.63725
0.6365
0.645
0.63925
0.64175
0.6355
0.63525
0.643875
0.63975
0.63875
0.639625
0.63825
0.6445
0.64575
0.641375
0.63925
0.641
0.647375
0.642
0.643
0.648375
0.648
0.64675
0.644875
0.644625
0.647625
0.649
0.6505
0.6455
0.6435
0.6495
0.645875
0.646875
0.6465
0.65275
0.6505
0.649375
0.6465
0.65075
0.650875
0.649375
0.6535
0.64325
0.6535
0.653125
0.654375
0.64925
0.652375
0.6465
0.655375
0.655125
0.654375
0.65625
0.65325
0.655125
0.652875
0.657625
0.65525
0.6565
0.653625
0.65625
0.65225
0.655375
0.659
0.651875
0.657625
0.65575
0.657375
0.65725
0.659
0.65175
0.65975
0.658
0.653125
0.657875
0.65725
0.6585
0.66225
0.659875
0.6585
0.663125
0.658
0.659
0.660375
0.661125
0.65825
0.6635
0.660875
0.6625
0.6635
0.6645
0.667375
0.667125
0.659625
0.66025
0.664375
0.667375
0.6635
0.665
0.664875
0.664875
0.66125
0.666625
0.66525
0.66575
0.665125
0.66575
0.669625
0.665
0.6645
0.663625
0.666875
0.66925
0.665875
0.67025
0.667625
0.671125
0.66925
0.666625
0.670375
0.669875
0.667125
0.667625
0.668625
0.672
0.67225
0.67575
0.669875
0.67425
0.6715
0.670875
0.671625
0.672875
0.6725
0.671625
0.664375
0.6685
0.672375
0.676
0.672125
0.670375
0.6695
0.6675
0.668
0.672
0.67125
0.67675
0.669875
0.673625
0.673625
0.667
0.674375
0.677625
0.668
0.675
0.671
0.674625
0.673625
0.67625
0.676375
0.6745
0.67275
0.677625
0.6745
0.677875
0.675875
0.67275
0.678
0.673375
0.68075
0.677125
0.6735
0.67725
0.681
0.681125
0.67725
0.673125
0.673625
0.68025
0.679125
0.680875
0.6775
0.6765
0.68175
0.6765
0.68175
0.677375
0.674875
0.67425
0.67575
0.677
0.673875
0.676125
0.675
0.6785
0.68275
0.67725
0.678625
0.68125
0.67875
0.674875
0.682875
0.67825
0.681125
0.67625
0.678125
0.674875
0.685875
0.68175
0.67975
0.680125
0.678875
0.676875
0.681
0.681875
0.684875
0.679875
0.681875
0.68225
0.683125
0.685125
0.6895
0.68525
0.686
0.683625
0.67925
0.68275
0.682375
0.6885
0.687625
0.683625
0.688625
0.685125
0.68425
0.686375
0.686875
0.68625
0.686125
0.6885
0.688875
0.69175
0.6885
0.6865
0.692875
0.691375
0.690375
0.68875
0.69125
0.690375
0.691875
0.68575
0.695
0.693125
0.696125
0.696875
0.694875
0.699625
0.696
0.698375
0.704
0.70625
0.704125
0.706125
0.6995
0.7075
0.703125
0.705375
0.70825
0.709375
0.7095
0.707
0.710125
0.7105
0.71225
0.712625
0.711875
0.7135
0.714
0.712625
0.708375
0.71725
0.716
0.71525
0.713875
0.71625
0.718
0.719
0.71725
0.719125
0.72275
0.71975
0.719125
0.72325
0.715875
0.72
0.720875
0.725625
0.72275
0.718125
0.72075
0.724875
0.721375
0.72025
0.726625
0.726875
0.73
0.730875
0.72875
0.729625
0.731625
0.72925
0.73125
0.734
0.73575
0.73575
0.729625
0.734125
0.732
0.73525
0.734875
0.732375
0.7335
0.73275
0.737625
0.73575
0.7345
0.737875
0.73775
0.73725
0.734625
0.741875
0.73575
0.735875
0.73825
0.733875
0.73575
0.7335
0.738875
0.740125
0.739875
0.740875
0.73925
0.74125
0.742875
0.737875
0.74025
0.73775
0.743125
0.741875
0.74175
0.742
0.742375
0.738875
0.742125
0.743
0.743875
0.739
0.743875
0.743125
0.74375
0.741625
0.74
0.744625
0.744125
0.740625
0.745
0.739
0.744
0.74275
0.74475
0.743875
0.74725
0.745375
0.7445
0.748625
0.7475
0.745125
0.748375
0.746625
0.74825
0.7505
0.7445
0.751
0.7495
0.75175
0.749
0.7465
0.747375
0.749375
0.75
0.749125
0.7475
0.748625
0.748125
0.75275
0.753375
0.747
0.748375
0.746375
0.75175
0.752875
0.74575
0.746375
0.749375
0.74875
0.7485
0.7525
0.747875
0.752125
0.74875
0.748375
0.747625
0.756625
0.75275
0.75275
0.7525
0.7485
0.747625
0.752
0.7555
0.754375
0.7485
0.757375
0.7455
0.7495
0.752
0.752875
0.749375
0.755
0.75275
0.755
0.752625
0.7515
0.7555
0.7565
0.755625
0.756375
0.75575
0.754875
0.75725
0.7515
0.755375
0.757875
0.7545
0.75675
0.757
0.75575
0.75525
0.755
0.759625
0.753625
0.758875
0.7545
0.754875
0.75675
0.758375
0.754875
0.75425
0.75725
0.754625
0.754
0.7565
0.76
0.7565
0.75825
0.752375
0.762375
0.760875
0.756
0.76175
0.761
0.754375
0.759875
0.756375
0.757
0.757375
0.759625
0.757
0.75775
0.755875
0.756125
0.763
0.76125
0.76375
0.76175
0.755
0.761
0.760375
0.7615
0.76
0.7605
0.761125
0.76275
0.762375
0.76
0.763
0.758375
0.760125
0.759875
0.761125
0.76025
0.761875
0.7635
0.7565
0.759625
0.759
0.759625
0.762375
0.76675
0.76075
0.76325
0.76175
0.76175
0.761
0.758375
0.76225
0.76175
0.761625
0.760625
0.760125
0.758625
0.7575
0.764125
0.764375
0.76375
0.760125
0.75975
0.76175
0.765125
0.763
0.765875
0.761625
0.763875
0.759875
0.75925
0.762875
0.762875
0.766375
0.762625
0.765375
0.764
0.76325
0.760875
0.76025
0.76575
0.76425
0.76275
0.765
0.76475
0.762375
0.764375
0.75825
0.763375
0.763625
0.765625
0.76225
0.764625
0.761125
0.76725
0.767
0.764375
0.769375
0.766625
0.766125
0.766625
0.768375
0.76625
0.764375
0.767625
0.76425
0.769125
0.766875
0.76325
0.762875
0.764375
0.772625
0.769625
0.767
0.768875
0.771125
0.767
0.769
0.77075
0.7695
0.7685
0.77075
0.7675
0.767625
0.772125
0.7695
0.77075
0.76875
0.770875
0.76825
0.76725
0.767125
0.772
0.770375
0.76925
0.774
0.770625
0.77275
0.769875
0.768625
0.770625
0.77125
0.770625
0.769375
0.774625
0.777875
0.77375
0.7725
0.7725
0.773
0.771125
0.773375
0.77275
0.771375
0.769
0.771875
0.772625
0.77325
0.77525
0.776125
0.772875
0.775125
0.7725
0.769875
0.776625
0.776
0.77875
0.776125
0.77775
0.771625
0.7785
0.779
0.77375
0.777625
0.7795
0.779125
0.773625
0.77525
0.778375
0.78075
0.77625
0.77675
0.7775
0.779125
0.77725
0.78525
0.78
0.776875
0.7745
0.7755
0.773625
0.78025
0.779125
0.781875
0.7835
0.780625
0.778
0.784125
0.779375
0.775875
0.78
0.78
0.78475
0.7835
0.782375
0.773625
0.775625
0.777625
0.784375
0.784375
0.785375
0.7825
0.785
0.78075
0.784
0.783125
0.78625
0.783625
0.787875
0.785375
0.788625
0.78375
0.78525
0.78525
0.78225
0.782125
0.786
0.784375
0.785
0.78525
0.785375
0.789
0.7855
0.78675
0.78975
0.786125
0.785375
0.78075
0.780625
0.784875
0.7875
0.786625
0.78425
0.792875
0.784625
0.785875
0.788
0.784
0.78925
0.789375
0.78925
0.791875
0.786875
0.785625
0.787375
0.786375
0.787875
0.788125
0.792875
0.7895
0.788
0.791125
0.79
0.790125
0.791875
0.7925
0.790625
0.7895
0.791875
0.79375
0.7915
0.790875
0.79425
0.79275
0.78975
0.791375
0.793625
0.79225
0.791375
0.792375
0.789625
0.79325
0.79025
0.792
0.78975
0.78975
0.7885
0.79225
0.7905
0.790625
0.79225
0.798125
0.791875
0.791375
0.793125
0.794125
0.7945
0.794875
0.79375
0.789375
0.79175
0.791
0.795375
0.792375
0.793625
0.79025
0.79525
0.79725
0.794375
0.7945
0.798
0.791625
0.78775
0.796875
0.799375
0.7905
0.792375
0.794125
0.795125
0.796625
0.794875
0.79975
0.799375
0.79625
0.794125
0.792375
0.8005
0.79475
0.794625
0.79775
0.79725
0.799625
0.798625
0.798375
0.795375
0.799625
0.800125
0.796375
0.79975
0.796625
0.804375
0.795375
0.79775
0.802375
0.802625
0.795
0.79875
0.79925
0.798125
0.80075
0.795125
0.799375
0.80425
0.799375
0.801375
0.7995
0.794875
0.80275
0.800375
0.805375
0.800125
0.79925
0.799
0.8035
0.800125
0.801125
0.7995
0.805125
0.806625
0.803
0.802125
0.802125
0.800875
0.806375
0.80075
0.80275
0.805375
0.802625
0.8055
0.80825
0.800625
0.803625
0.801375
0.79875
0.807125
0.806625
0.805875
0.803125
0.803125
0.8005
0.806875
0.80475
0.8065
0.805
0.801875
0.801625
0.808125
0.806
0.80525
0.808375
0.80375
0.80325
0.808125
0.8035
0.81175
0.8055
0.804
0.8085
0.809625
0.809625
0.8095
0.810375
0.807125
0.806125
0.804
0.81575
0.806
0.80575
0.809375
0.806125
0.807375
0.808125
0.805
0.8075
0.807875
0.80775
0.8095
0.80825
0.8065
0.80725
0.807375
0.81275
0.802375
0.808875
0.8065
0.812625
0.81075
0.806625
0.8075
0.80725
0.81125
0.81125
0.810375
0.811375
0.814
0.807125
0.80825
0.80875
0.814375
0.80525
0.807
0.81
0.80625
0.814625
0.80875
0.806875
0.81175
0.806125
0.813625
0.8095
0.81375
0.813
0.812375
0.80775
0.81
0.8105
0.81125
0.812625
0.811625
0.806375
0.811625
0.81075
0.80925
0.809
0.81625
0.812875
0.8085
0.810625
0.811
0.8115
0.81
0.809625
0.809875
0.806125
0.81275
0.8135
0.812125
0.815625
0.811125
0.81425
0.814
0.813625
0.81325
0.812875
0.814875
0.8155
0.8095
0.813625
0.813375
0.814375
0.81525
0.8065
0.81225
0.814625
0.811625
0.8155
0.816125
0.816625
0.8115
0.8165
0.8095
0.813625
0.81575
0.812
0.813375
0.8165
0.817625
0.81675
0.81375
0.8195
0.811625
0.817375
0.8155
0.81775
0.810875
0.811125
0.8135
0.818125
0.812
0.816
0.811
0.81425
0.816
0.818125
0.8185
0.816
0.815125
0.818125
0.818625
0.81425
0.811875
0.816
0.81525
0.814875
0.814375
0.813
0.81675
0.81525
0.808625
0.82025
0.8175
0.81925
0.816375
0.81875
0.81675
0.815375
0.818625
0.82175
0.814
0.817
0.810875
0.821
0.81225
0.81825
0.818625
0.816
0.815125
0.8155
0.82075
0.814875
0.818375
0.816875
0.82075
0.820375
0.820125
0.817375
0.8135
0.819875
0.82425
0.81925
0.818625
0.81725
0.82025
0.81725
0.822125
0.818375
0.818375
0.814875
0.81775
0.81725
0.825
0.816375
0.81675
0.82
0.817
0.82075
0.81925
0.818
0.82175
0.81925
0.82075
0.817875
0.81875
0.8205
0.823125
0.817875
0.818125
0.821125
0.82325
0.821375
0.819375
0.818625
0.82125
0.81725
0.8195
0.822
0.82025
0.8225
0.81975
0.823875
0.823625
0.82075
0.8185
0.81875
0.817625
0.82
0.82175
0.817875
0.81875
0.826
0.82075
0.82575
0.8185
0.821
0.824875
0.819625
0.82375
0.82575
0.818875
0.815375
0.81925
0.820625
0.820125
0.821
0.82275
0.824375
0.82475
0.82225
0.823375
0.823625
0.818125
0.822625
0.820125
0.823375
0.8215
0.824375
0.822625
0.82275
0.823125
0.82625
0.82575
0.821375
0.824125
0.826375
0.824875
0.824
0.82675
0.827125
0.827375
0.824875
0.822375
0.826875
0.82475
0.82475
0.822875
0.823125
0.82175
0.82575
0.824125
0.824
0.821
0.825625
0.823875
0.8255
0.8225
0.824125
0.8235
0.822375
0.823125
0.820875
0.824875
0.8245
0.828375
0.8255
0.822625
0.823875
0.828875
0.821
0.823125
0.820875
0.828875
0.822875
0.8215
0.825375
0.823875
0.822625
0.826125
0.82575
0.825
0.82525
0.828
0.82125
0.824125
0.82375
0.825125
0.8225
0.828875
0.826125
0.829
0.825
0.826125
0.824875
0.82125
0.827
0.826625
0.82425
0.827875
0.824625
0.824
0.827875
0.826125
0.824625
0.82725
0.824375
0.824375
0.8285
0.82475
0.82825
0.825625
0.827125
0.828875
0.8295
0.831125
0.8255
0.828375
0.82625
0.827375
0.82825
0.823
0.82875
0.827
0.828375
0.82375
0.829
0.82925
0.82425
0.82875
0.829625
0.831125
0.83025
0.83275
0.830125
0.827625
0.8275
0.824875
0.82775
0.8315
0.828875
0.83175
0.826125
0.82725
0.829125
0.828875
0.83075
0.829625
0.82625
0.83125
0.829875
0.829
0.829625
0.831875
0.833375
0.826375
0.827625
0.831625
0.824625
0.832125
0.832125
0.83225
0.832
0.836125
0.826125
0.828375
0.829
0.83275
0.831875
0.833125
0.83725
0.832
0.834625
0.833375
0.832
0.82775
0.832
0.839
0.828125
0.835125
0.83075
0.834375
0.83475
0.83375
0.830875
0.82925
0.830125
0.834375
0.83425
0.830125
0.835875
0.830875
0.831625
0.830875
0.83225
0.834625
0.8355
0.8325
0.83275
0.835125
0.833
0.837
0.82825
0.8375
0.8375
0.83125
0.830625
0.83325
0.834875
0.83425
0.832375
0.832625
0.836
0.832875
0.835625
0.834625
0.8375
0.835875
0.830625
0.8355
0.836625
0.83825
0.839125
0.831375
0.83425
0.8335
0.835625
0.84
0.835125
0.8335
0.829625
0.83075
0.837125
0.8395
0.8345
0.841
0.837125
0.836
0.835625
0.842
0.835875
0.833625
0.83525
0.836375
0.837
0.837625
0.835875
0.839125
0.83625
0.833125
0.8385
0.834125
0.83775
0.836
0.8405
0.834625
0.839375
0.8335
0.839625
0.835125
0.8385
0.8395
0.841625
0.838375
0.840875
0.84075
0.837875
0.840375
0.8365
0.838125
0.83675
0.8355
0.839
0.840625
0.837375
0.8405
0.839625
0.83775
0.8425
0.84475
0.84025
0.83525
0.840625
0.840875
0.83775
0.837625
0.840125
0.842375
0.841875
0.84025
0.84525
0.83675
0.840875
0.8435
0.84125
0.8405
0.841875
0.841625
0.845125
0.839375
0.8425
0.839375
0.83825
0.84175
0.838875
0.841625
0.839625
0.8465
0.84225
0.841625
0.84225
0.842375
0.84525
0.838875
0.8455
0.84225
0.8415
0.844125
0.839125
0.84825
0.84475
0.841875
0.845875
0.839375
0.84725
0.838375
0.841125
0.839875
0.844125
0.841375
0.843
0.842375
0.84375
0.840125
0.844375
0.84275
0.842125
0.843875
0.846
0.84225
0.84675
0.842
0.845
0.8405
0.84675
0.843875
0.844375
0.84075
0.8435
0.84475
0.84575
0.847125
0.846875
0.85
0.843
0.846375
0.841625
0.848
0.849875
0.847
0.84775
0.8475
0.84425
0.847875
0.853375
0.849875
0.844875
0.849625
0.847125
0.847
0.847125
0.847375
0.850125
0.846125
0.84375
0.85325
0.845875
0.848125
0.844125
0.845375
0.849375
0.844125
0.849125
0.848
0.849625
0.853375
0.845375
0.850375
0.850875
0.849375
0.8505
0.84875
0.849375
0.855375
0.848
0.849
0.84825
0.84725
0.85225
0.848125
0.851375
0.850375
0.848
0.852375
0.848125
0.847625
0.848375
0.849
0.852
0.850125
0.850625
0.85175
0.84625
0.852875
0.848125
0.849625
0.84825
0.849
0.852
0.84775
0.84525
0.8495
0.8495
0.849
0.84975
0.852625
0.848875
0.847625
0.85175
0.849875
0.85325
0.846875
0.851875
0.85075
0.848875
0.853875
0.8515
0.850625
0.852375
0.855625
0.85375
0.848875
0.851375
0.856625
0.851625
0.848875
0.85225
0.851375
0.855875
0.851125
0.85025
0.85375
0.850625
0.852375
0.855
0.85275
0.85275
0.85325
0.849625
0.85125
0.85225
0.8525
0.8525
0.851125
0.854
0.85
0.8535
0.85475
0.851
0.855125
0.85025
0.85775
0.854375
0.852875
0.855625
0.849125
0.852875
0.85475
0.853125
0.852375
0.856375
0.8535
0.8535
0.8535
0.8555
0.85375
0.856
0.8535
0.851125
0.853875
0.8545
0.8535
0.85775
0.85525
0.8515
0.8545
0.854
0.855375
0.857125
0.8555
0.85575
0.8565
0.853625
0.85825
0.85525
0.855375
0.857375
0.852625
0.85625
0.851125
0.85675
0.857125
0.8555
0.853
0.8565
0.860875
0.851875
0.857125
0.85575
0.860375
0.85875
0.8575
0.86
0.8555
0.85475
0.862
0.859
0.855875
0.854875
0.856125
0.8585
0.857375
0.85425
0.85775
0.85975
0.861125
0.85625
0.856375
0.851875
0.859625
0.860375
0.854375
0.85775
0.8555
0.861125
0.85975
0.85825
0.855375
0.859625
0.853
0.85875
0.861625
0.859875
0.861625
0.861875
0.860875
0.85575
0.861
0.861875
0.865
0.8625
0.86275
0.86775
0.86425
0.8615
0.862125
0.8625
0.864375
0.861125
0.865125
0.861875
0.862
0.86475
0.8585
0.8625
0.864625
0.861875
0.863125
0.863125
0.863125
0.86375
0.86125
0.865875
0.864375
0.86225
0.861
0.867875
0.864875
0.867375
0.865375
0.864375
0.86625
0.862875
0.865125
0.86525
0.86575
0.86575
0.863625
0.866625
0.86525
0.863375
0.865125
0.867625
0.8685
0.865625
0.8675
0.866375
0.8655
0.8655
0.86575
0.866
0.86825
0.86925
0.868
0.866875
0.86875
0.862125
0.8665
0.8685
0.865875
0.8645
0.866125
0.866125
0.87025
0.869
0.869375
0.8645
0.867375
0.8685
0.866625
0.86525
0.862875
0.868625
0.8665
0.868875
0.865625
0.865375
0.867125
0.86775
0.867375
0.86975
0.867125
0.86925
0.868875
0.869875
0.868375
0.8745
0.868625
0.87125
0.867875
0.8655
0.872125
0.8675
0.872375
0.86925
0.869125
0.871375
0.866875
0.868
0.869625
0.868
0.8685
0.861875
0.869
0.871375
0.875625
0.86975
0.868875
0.868875
0.871
0.86975
0.87
0.872375
0.868125
0.867375
0.867625
0.8665
0.87
0.871125
0.871375
0.87225
0.8705
0.8675
0.86975
0.8725
0.86675
0.867375
0.8665
0.871375
0.868125
0.868375
0.8695
0.86975
0.870125
0.87025
0.871375
0.870375
0.867125
0.8705
0.8675
0.86775
0.871
0.870625
0.8725
0.87075
0.8685
0.8685
0.872875
0.872
0.872
0.869875
0.873625
0.873875
0.87125
0.866
0.871125
0.873625
0.873375
0.874875
0.869625
0.873375
0.8715
0.870625
0.870375
0.8715
0.871375
0.873375
0.871625
0.875875
0.869375
0.876875
0.87225
0.87525
0.873125
0.8755
0.872625
0.87175
0.8735
0.873875
0.869
0.87275
0.874125
0.8735
0.872
0.872125
0.870125
0.87125
0.872125
0.875875
0.871125
0.871
0.869625
0.873
0.8735
0.872
0.875875
0.87475
0.870625
0.873125
0.873625
0.877875
0.871625
0.8725
0.876
0.872625
0.870625
0.8725
0.87475
0.872875
0.873875
0.87325
0.872375
0.872625
0.8755
0.874125
0.876
0.873125
0.870875
0.871875
0.87575
0.87525
0.877
0.87375
0.870875
0.87275
0.8775
0.872625
0.875125
0.874125
0.8775
0.874875
0.876125
0.875
0.870625
0.87475
0.8775
0.87325
0.876625
0.876625
0.875375
0.8745
0.875875
0.873875
0.87725
0.874
0.87325
0.879375
0.88075
0.875625
0.87475
0.880375
0.87275
0.877125
0.876
0.874625
0.8785
0.873
0.873375
0.872625
0.877625
0.878
0.878875
0.878
0.877
0.8775
0.874375
0.8775
0.8735
0.876125
0.87675
0.876875
0.876625
0.874625
0.87875
0.876125
0.87675
0.878875
0.87475
0.8775
0.880125
0.87675
0.876875
0.878125
0.8765
0.877
0.875625
0.878625
0.873375
0.88175
0.879875
0.877125
0.878625
0.87825
0.87875
0.881625
0.87975
0.87125
0.882125
0.88175
0.875625
0.877
0.8775
0.879875
0.878375
0.881125
0.879
0.874625
0.876625
0.877875
0.880125
0.874875
0.87725
0.8765
0.876625
0.878875
0.876
0.878
0.885
0.879375
0.874
0.877375
0.879
0.87775
0.88075
0.879
0.878375
0.87475
0.8775
0.87975
0.876625
0.87825
0.878625
0.881
0.876375
0.87625
0.877875
0.881625
0.8785
0.8805
0.878125
0.878875
0.877
0.8775
0.878125
0.878625
0.879125
0.879875
0.87575
0.880375
0.882125
0.878
0.8775
0.88225
0.877625
0.88175
0.87925
0.879125
0.877625
0.8815
0.87725
0.87925
0.877
0.880375
0.88075
0.879125
0.8815
0.876375
0.88025
0.881375
0.88
0.877875
0.88125
0.881625
0.879875
0.885125
0.88025
0.8815
0.88225
0.8795
0.876875
0.878125
0.88225
0.879625
0.882875
0.880375
0.876625
0.8795
0.8785
0.881625
0.88225
0.8805
0.882375
0.881
0.8785
0.881875
0.881375
0.879
0.879125
0.882875
0.88075
0.881
0.876
0.880125
0.877375
0.8805
0.8795
0.884
0.8825
0.883
0.8775
0.883125
0.8805
0.88125
0.879
0.883375
0.880375
0.8805
0.880375
0.88
0.882
0.879625
0.8835
0.884375
0.879
0.88
0.881
0.8835
0.882125
0.88225
0.883125
0.885
0.882875
0.8805
0.885125
0.884875
0.88375
0.883375
0.879875
0.881875
0.8835
0.884375
0.883
0.881125
0.88375
0.879625
0.87775
0.879625
0.879125
0.88
0.88075
0.880625
0.8835
0.881
0.8845
0.882375
0.882375
0.882375
0.880625
0.881625
0.88275
0.88175
0.8835
0.884625
0.881375
0.882625
0.883
0.882
0.879125
0.888375
0.885
0.882625
0.883
0.881875
0.88375
0.881125
0.883625
0.884
0.883125
0.88425
0.885625
0.880875
0.88375
0.8865
0.885
0.881
0.88325
0.8815
0.88575
0.882
0.883
0.885125
0.884125
0.885375
0.88575
0.888375
0.88625
0.8855
0.88225
0.887125
0.881125
0.879875
0.8805
0.88575
0.879625
0.883875
0.88375
0.882375
0.883625
0.88525
0.88425
0.882625
0.884875
0.881125
0.881
0.885125
0.88325
0.88175
0.886125
0.884375
0.88125
0.883375
0.884875
0.884625
0.883875
0.88575
0.8815
0.8845
0.881125
0.885125
0.882375
0.881
0.888125
0.881625
0.88675
0.88375
0.884
0.884875
0.8815
0.879125
0.88725
0.885125
0.88325
0.881875
0.884
0.883625
0.884375
0.88275
0.88
0.885625
0.887125
0.884625
0.884375
0.886875
0.886875
0.886875
0.88475
0.886125
0.884625
0.884
0.8845
0.886625
0.891
0.88125
0.883125
0.883
0.883875
0.88525
0.884875
0.883625
0.88675
0.885
0.8825
0.886
0.886375
0.882375
0.88525
0.88625
0.881125
0.885125
0.8835
0.884875
0.884875
0.884875
0.88625
0.88575
0.88425
0.88375
0.8855
0.88725
0.883625
0.88725
0.8875
0.885375
0.88725
0.8835
0.8835
0.887625
0.8835
0.884625
0.885625
0.88375
0.8825
0.886875
0.88225
0.88875
0.888875
0.88875
0.887625
0.88925
0.888375
0.886375
0.88725
0.88625
0.88425
0.883875
0.890125
0.887125
0.8865
0.887625
0.886375
0.88875
0.885875
0.888875
0.885875
0.889
0.885625
0.888125
0.88575
0.884125
0.888375
0.88875
0.886
0.884625
0.8885
0.887375
0.888125
0.884875
0.892125
0.8835
0.887125
0.889625
0.88775
0.887
0.8855
0.888
0.88775
0.890125
0.889875
0.884625
0.88275
0.887875
0.8885
0.88825
0.8835
0.888125
0.8865
0.8915
0.888
0.882625
0.8845
0.883625
0.88575
0.887625
0.8875
0.88875
0.8855
0.88575
0.8865
0.887125
0.888125
0.886
0.884375
0.8885
0.887
0.887
0.884875
0.888125
0.8895
0.889
0.889625
0.884375
0.886875
0.88575
0.8855
0.8865
0.885875
0.888375
0.88975
0.88725
0.888375
0.891
0.885125
0.888375
0.8845
0.88925
0.8865
0.88625
0.89225
0.888
0.888125
0.8895
0.885375
0.892625
0.887125
0.88725
0.888375
0.885
0.8885
0.888
0.888625
0.88675
0.888125
0.889625
0.89
0.890875
0.8865
0.88975
0.891
0.888375
0.887875
0.888625
0.89175
0.886875
0.892625
0.88875
0.889625
0.889
0.88725
0.89
0.88675
0.8885
0.885875
0.8875
0.8855
0.884875
0.891
0.891
0.890375
0.89075
0.886
0.892
0.88775
0.88625
0.89175
0.8865
0.8875
0.889625
0.889125
0.890875
0.89125
0.89025
0.89075
0.8885
0.886125
0.88825
0.88925
0.88775
0.890875
0.888375
0.889
0.88825
0.89375
0.887
0.891375
0.891
0.88525
0.89025
0.888875
0.888
0.893125
0.8945
0.887625
0.8915
0.88875
0.891
0.891125
0.88975
0.891625
0.8885
0.89525
0.890125
0.890125
0.89125
0.88525
0.89425
0.892625
0.889375
0.89075
0.892
0.893125
0.890375
0.893625
0.8885
0.8895
0.89075
0.88625
0.889875
0.88675
0.891875
0.888875
0.88825
0.89025
0.887375
0.894125
0.890875
0.891375
0.891
0.893
0.89
0.89075
0.892125
0.886375
0.89125
0.887125
0.8895
0.892
0.888375
0.89175
0.88875
0.89125
0.88925
0.888
0.889875
0.891
0.889125
0.8905
0.8915
0.889125
0.893
0.894875
0.889
0.89225
0.888
0.88825
0.8895
0.887875
0.890875
0.88875
0.890875
0.891
0.89175
0.89475
0.891125
0.89375
0.891625
0.892125
0.8915
0.891
0.8925
0.890125
0.89175
0.8875
0.891125
0.89375
0.8915
0.89475
0.892625
0.891375
0.89075
0.892375
0.890125
0.89375
0.89
0.8935
0.889
0.889625
0.89
0.897
0.891875
0.890625
0.894625
0.8925
0.894125
0.891625
0.8915
0.88725
0.8965
0.892125
0.89
0.8915
0.896
0.8905
0.890875
0.8895
0.889125
0.891875
0.89525
0.89125
0.891125
0.895125
0.89425
0.892125
0.893125
0.894375
0.89125
0.89125
0.89575
0.894625
0.892375
0.890625
0.89275
0.895625
0.8925
0.89375
0.89575
0.890625
0.893125
0.888125
0.893625
0.8915
0.892875
0.892625
0.89075
0.89275
0.892625
0.89275
0.893625
0.895625
0.8905
0.894
0.89275
0.893875
0.891875
0.89225
0.892875
0.894875
0.895375
0.895
0.891
0.89375
0.894
0.890875
0.890125
0.896375
0.895125
0.895125
0.8965
0.897375
0.893625
0.8965
0.894375
0.8935
0.89425
0.894875
0.893
0.893
0.89375
0.889375
0.893875
0.897125
0.892875
0.894
0.891875
0.890625
0.8945
0.89225
0.896875
0.895125
0.89525
0.893625
0.89775
0.8975
0.895125
0.893625
0.89175
0.89525
0.893875
0.8935
0.893625
0.893625
0.892875
0.895375
0.891125
0.892375
0.8975
0.89
0.893
0.894
0.893375
0.893875
0.89475
0.89375
0.89475
0.897
0.894125
0.89425
0.894375
0.893625
0.893
0.891
0.89325
0.89875
0.89925
0.894875
0.895375
0.897875
0.896625
0.896375
