0.4205
0.433875
0.42825
0.432875
0.437625
0.43325
0.434875
0.431375
0.431
0.430875
0.433125
0.438
0.43175
0.43425
0.43575
0.436
0.44325
0.43775
0.4435
0.446
0.44925
0.452
0.4515
0.456875
0.455125
0.4595
0.461125
0.465125
0.4595
0.465375
0.462125
0.466875
0.466875
0.4635
0.46425
0.46325
0.4655
0.46925
0.464125
0.467625
0.470625
0.467
0.469125
0.466375
0.465125
0.467625
0.46925
0.46725
0.468125
0.469875
0.46675
0.465625
0.46375
0.467125
0.468875
0.46675
0.4685
0.470375
0.49825
0.501125
0.502375
0.50375
0.503375
0.506125
0.49675
0.50175
0.494375
0.4935
0.492875
0.491375
0.49
0.487
0.4885
0.48725
0.486
0.49075
0.48025
0.4805
0.4835
0.486125
0.5045
0.544625
0.564375
0.56475
0.575625
0.580375
0.58625
0.589375
0.583
0.585125
0.59425
0.593875
0.591875
0.59325
0.5915
0.588625
0.595875
0.597625
0.597875
0.597375
0.5975
0.595875
0.598375
0.593
0.597
0.6035
0.598
0.599375
0.597
0.59675
0.588
0.60225
0.600125
0.596375
0.59775
0.6015
0.600125
0.601875
0.6015
0.597625
0.60125
0.6015
0.6005
0.602
0.60175
0.602875
0.6015
0.602125
0.607
0.604375
0.599375
0.603875
0.603375
0.606625
0.6045
0.6015
0.610375
0.60425
0.60725
0.60975
0.60725
0.616625
0.613125
0.606625
0.611625
0.606875
0.605125
0.609
0.610375
0.614
0.61125
0.61075
0.609875
0.613125
0.6125
0.611875
0.614375
0.613
0.617375
0.611875
0.617125
0.617625
0.614625
0.613125
0.617
0.61375
0.614375
0.622625
0.61975
0.620125
0.614875
0.617875
0.619625
0.616125
0.6145
0.61825
0.616625
0.618
0.616875
0.61925
0.61725
0.619875
0.625875
0.624625
0.619125
0.618375
0.623
0.631875
0.621
0.625125
0.62275
0.626
0.6205
0.6235
0.626375
0.631625
0.627625
0.625375
0.628
0.624625
0.626375
0.624625
0.62475
0.62825
0.626125
0.636125
0.6295
0.626375
0.627
0.6275
0.623625
0.634
0.633375
0.632875
0.62625
0.63325
0.629875
0.63275
0.63075
0.637625
0.6305
0.6305
0.6335
0.635125
0.63275
0.633875
0.6395
0.63425
0.637625
0.631375
0.637
0.62725
0.631625
0.63675
0.642875
0.634625
0.637875
0.6375
0.636375
0.636
0.63675
0.641375
0.641
0.64025
0.6395
0.63975
0.635625
0.63625
0.63775
0.644
0.64125
0.640625
0.64175
0.640125
0.63925
0.6425
0.63975
0.6415
0.645875
0.645375
0.64525
0.64475
0.647625
0.6425
0.643625
0.6475
0.646625
0.64075
0.64975
0.653625
0.640625
0.644375
0.650375
0.646375
0.64525
0.646
0.6495
0.641
0.6495
0.651625
0.647
0.6525
0.6515
0.645875
0.654
0.646
0.65625
0.64825
0.653
0.65425
0.656125
0.649
0.658875
0.651125
0.65125
0.6535
0.656375
0.65525
0.656
0.65475
0.658
0.653625
0.655
0.658625
0.657875
0.656
0.65525
0.659625
0.656
0.659
0.65625
0.657
0.653875
0.65675
0.657875
0.6595
0.658375
0.6555
0.658125
0.65625
0.6625
0.657875
0.66225
0.66075
0.663125
0.6615
0.661625
0.658
0.662
0.66275
0.664875
0.66625
0.656375
0.663375
0.66425
0.664875
0.663
0.661
0.661875
0.667125
0.668
0.661125
0.666
0.66375
0.66625
0.6645
0.667125
0.662375
0.66575
0.6635
0.665
0.66875
0.663125
0.670875
0.668125
0.667625
0.669
0.668
0.67225
0.669375
0.663625
0.66675
0.666625
0.66825
0.665375
0.661125
0.671875
0.673375
0.667625
0.67175
0.669125
0.6745
0.671
0.665
0.672125
0.672625
0.66925
0.66475
0.670375
0.673625
0.67125
0.673125
0.6775
0.67225
0.665375
0.669125
0.672375
0.670625
0.668
0.669875
0.67125
0.67325
0.670375
0.667875
0.6735
0.670875
0.67075
0.668375
0.671375
0.672375
0.677125
0.677
0.67325
0.671375
0.677625
0.673
0.675625
0.674375
0.676125
0.677625
0.67125
0.6755
0.674375
0.67375
0.675625
0.66975
0.674875
0.675375
0.677
0.67475
0.6695
0.68025
0.676
0.675625
0.68275
0.681
0.679125
0.67975
0.680875
0.677
0.675375
0.679875
0.68375
0.674875
0.679
0.6785
0.679625
0.677125
0.680125
0.676375
0.680125
0.679375
0.6795
0.682
0.67875
0.6815
0.684125
0.68275
0.6805
0.67975
0.681
0.676625
0.680125
0.686875
0.68
0.681875
0.68525
0.686375
0.686625
0.683625
0.6835
0.6805
0.68175
0.686125
0.690625
0.686375
0.689375
0.68825
0.687875
0.68775
0.686125
0.685
0.688
0.684875
0.680125
0.68275
0.680875
0.685125
0.69175
0.68775
0.689
0.689125
0.681625
0.68375
0.689125
0.684
0.68775
0.685625
0.684
0.694125
0.69
0.686
0.686875
0.6865
0.68575
0.687
0.68425
0.687875
0.68775
0.689625
0.683
0.69025
0.686
0.690375
0.688875
0.689
0.68975
0.68775
0.693375
0.689375
0.69325
0.693625
0.687125
0.6905
0.69475
0.69275
0.6945
0.693875
0.695375
0.68925
0.692
0.6895
0.694125
0.689375
0.68875
0.691625
0.69025
0.69
0.685875
0.6945
0.691375
0.69075
0.694125
0.68925
0.69875
0.698125
0.695375
0.68525
0.689625
0.69
0.697375
0.693375
0.68825
0.69475
0.687875
0.69225
0.69125
0.690375
0.69325
0.696
0.696875
0.69125
0.693875
0.696875
0.697625
0.696125
0.695375
0.697375
0.695125
0.694125
0.693375
0.69475
0.69975
0.694125
0.691375
0.695
0.699375
0.69175
0.695375
0.69475
0.700125
0.693875
0.693375
0.69875
0.695125
0.693
0.69675
0.698125
0.69475
0.6985
0.695875
0.69175
0.696875
0.696625
0.69575
0.699
0.695875
0.694
0.697375
0.7
0.6975
0.698125
0.702625
0.698
0.7025
0.70275
0.693625
0.69975
0.7025
0.699125
0.69975
0.702125
0.698
0.7
0.706125
0.702875
0.701125
0.70025
0.697375
0.703
0.700875
0.69975
0.70525
0.7025
0.707
0.708375
0.702125
0.702375
0.700375
0.708125
0.705
0.70825
0.70525
0.704625
0.704
0.70225
0.70575
0.705625
0.706
0.706625
0.707625
0.70975
0.710125
0.70625
0.707875
0.711875
0.703875
0.709625
0.70425
0.70975
0.707625
0.705625
0.7065
0.715
0.7115
0.710125
0.708875
0.70975
0.7135
0.708375
0.711125
0.71125
0.7075
0.707625
0.714375
0.709125
0.711375
0.7125
0.708875
0.70825
0.712625
0.711625
0.71275
0.71175
0.718375
0.7165
0.712875
0.71575
0.713875
0.71475
0.71225
0.713125
0.717
0.718125
0.715375
0.715625
0.714375
0.71525
0.711625
0.716375
0.711375
0.719
0.715625
0.717
0.715875
0.715125
0.71825
0.720625
0.71525
0.717875
0.716125
0.71625
0.71525
0.714375
0.71875
0.716375
0.722375
0.715375
0.7165
0.71775
0.7165
0.718
0.716875
0.723
0.71825
0.7145
0.72175
0.721625
0.7205
0.7215
0.71625
0.727375
0.720875
0.7195
0.71825
0.720125
0.716625
0.723875
0.71875
0.725
0.72
0.720625
0.7215
0.724125
0.722375
0.72175
0.719375
0.72075
0.719375
0.7235
0.72025
0.72375
0.728125
0.72475
0.7245
0.7195
0.725125
0.72825
0.724875
0.7255
0.72775
0.7235
0.72225
0.72725
0.7255
0.7295
0.724625
0.730125
0.727625
0.725875
0.726625
0.729375
0.724125
0.72725
0.735375
0.728375
0.728875
0.728875
0.72825
0.733
0.72725
0.728875
0.731125
0.728125
0.7245
0.732625
0.730625
0.729875
0.727875
0.730125
0.725875
0.728875
0.7285
0.73525
0.726125
0.731125
0.73175
0.727375
0.735375
0.7305
0.731625
0.728625
0.730625
0.73225
0.73475
0.732
0.73025
0.725625
0.735375
0.731375
0.734
0.7325
0.734625
0.733875
0.734875
0.733125
0.74025
0.73425
0.734375
0.729125
0.73475
0.73925
0.738125
0.7395
0.736375
0.7345
0.736
0.74
0.73375
0.738
0.73675
0.738625
0.738875
0.737125
0.742625
0.740125
0.735625
0.74075
0.735625
0.741125
0.738375
0.742125
0.7415
0.73725
0.74525
0.739875
0.739125
0.739375
0.7415
0.74425
0.741875
0.7425
0.742
0.74075
0.73625
0.74125
0.746
0.739
0.743
0.741375
0.746
0.749
0.745625
0.745625
0.74675
0.74675
0.744375
0.743125
0.74125
0.74575
0.75
0.747875
0.7425
0.74725
0.74725
0.74925
0.750875
0.749375
0.74875
0.744375
0.74975
0.75225
0.74775
0.75225
0.74975
0.751625
0.74475
0.75
0.748875
0.74975
0.750625
0.753375
0.75025
0.750125
0.7505
0.75075
0.74775
0.7505
0.753625
0.753875
0.752875
0.750375
0.7555
0.752375
0.751875
0.74925
0.752625
0.750125
0.7545
0.755375
0.754125
0.756375
0.753875
0.753625
0.75275
0.74875
0.756
0.754625
0.75175
0.756
0.754375
0.75525
0.75825
0.75375
0.7565
0.758625
0.753
0.756875
0.75725
0.754125
0.75675
0.75625
0.75825
0.758
0.755125
0.75825
0.758625
0.762375
0.75825
0.75875
0.75675
0.760375
0.7625
0.759875
0.760875
0.756
0.76
0.761125
0.76075
0.7675
0.76075
0.7645
0.763
0.764375
0.7655
0.766
0.758
0.760125
0.757125
0.761875
0.764
0.758875
0.764375
0.76625
0.761
0.76325
0.764125
0.761125
0.76775
0.763875
0.761875
0.764375
0.76525
0.764375
0.76275
0.77225
0.76375
0.767375
0.7625
0.77
0.767375
0.7685
0.765875
0.77425
0.770875
0.76825
0.77125
0.76875
0.772375
0.774125
0.767625
0.770125
0.770625
0.773625
0.769625
0.7675
0.77125
0.777375
0.773125
0.776
0.77925
0.776
0.775125
0.77475
0.77575
0.773125
0.77975
0.78
0.775875
0.7735
0.778375
0.772875
0.774625
0.778875
0.778375
0.77725
0.778
0.783375
0.778375
0.77725
0.7805
0.777
0.777125
0.779875
0.779375
0.778375
0.779875
0.780625
0.7825
0.777625
0.775375
0.7805
0.77875
0.78325
0.779125
0.77875
0.784375
0.7805
0.783625
0.780125
0.780375
0.78075
0.77875
0.777
0.780375
0.7785
0.779875
0.785625
0.78
0.7765
0.7805
0.78325
0.777375
0.78075
0.780625
0.7845
0.78475
0.78025
0.784375
0.78125
0.784875
0.785
0.784875
0.784125
0.77875
0.782875
0.784625
0.78425
0.78425
0.785625
0.7845
0.78
0.785875
0.780125
0.783
0.780125
0.788
0.7815
0.784625
0.78075
0.785625
0.781875
0.78775
0.783625
0.786125
0.78375
0.787875
0.78375
0.784625
0.789375
0.783
0.787625
0.788875
0.787625
0.789375
0.788
0.787875
0.787125
0.78975
0.783625
0.787875
0.789125
0.7905
0.787375
0.789125
0.78975
0.7875
0.7895
0.791875
0.788375
0.794625
0.79025
0.7925
0.792625
0.792
0.79
0.785
0.7935
0.791
0.79225
0.7925
0.794625
0.79225
0.789625
0.789375
0.79275
0.7915
0.79425
0.796375
0.79075
0.789
0.796
0.791125
0.7965
0.792125
0.79825
0.792125
0.79075
0.792625
0.796125
0.7915
0.796125
0.794
0.79675
0.7935
0.79225
0.80025
0.799125
0.795125
0.794
0.79425
0.795625
0.795375
0.798125
0.7965
0.793625
0.7955
0.79875
0.79875
0.797875
0.80075
0.80125
0.7975
0.79575
0.804
0.7965
0.800125
0.80175
0.8005
0.80325
0.803125
0.803375
0.79525
0.80125
0.79825
0.8015
0.799375
0.800375
0.80075
0.79775
0.803125
0.8035
0.796
0.80175
0.8025
0.802375
0.80075
0.80175
0.80225
0.8005
0.80075
0.8025
0.800625
0.809375
0.809
0.804875
0.801125
0.807875
0.80475
0.80025
0.800875
0.8045
0.803625
0.800125
0.7995
0.801375
0.801375
0.806125
0.8065
0.800625
0.80225
0.806125
0.8055
0.805625
0.804875
0.808125
0.80525
0.807375
0.804875
0.805875
0.81025
0.80825
0.81
0.807875
0.8055
0.81125
0.806
0.808375
0.811375
0.808
0.81175
0.8065
0.807875
0.80625
0.81
0.8075
0.81025
0.814125
0.809625
0.809
0.809875
0.808625
0.806625
0.811125
0.810625
0.8095
0.80775
0.810375
0.806
0.81125
0.813
0.81225
0.808125
0.8095
0.80775
0.806875
0.8125
0.81075
0.81125
0.813125
0.80725
0.811625
0.809625
0.814
0.809375
0.808375
0.811375
0.808375
0.813375
0.81325
0.81
0.811
0.814375
0.810875
0.814625
0.812875
0.818
0.815625
0.812375
0.81375
0.818125
0.813875
0.816125
0.81725
0.812
0.817125
0.81825
0.813125
0.817875
0.814625
0.81375
0.817125
0.81725
0.810125
0.815875
0.81775
0.813625
0.814875
0.816625
0.812875
0.818125
0.81725
0.82125
0.812
0.813125
0.818
0.816
0.812375
0.817625
0.81825
0.8135
0.816
0.81775
0.8195
0.81925
0.8205
0.819875
0.817875
0.82125
0.81675
0.816875
0.816375
0.817125
0.819625
0.81925
0.8195
0.82025
0.817875
0.817
0.819
0.818625
0.8165
0.8215
0.81375
0.82275
0.81625
0.815875
0.81775
0.823125
0.82025
0.816875
0.818375
0.81875
0.818625
0.821375
0.8225
0.819375
0.8215
0.816875
0.820625
0.819
0.819125
0.820125
0.82025
0.820875
0.822625
0.819875
0.82075
0.82275
0.817625
0.82175
0.822
0.822375
0.818375
0.823
0.8235
0.820375
0.81575
0.82825
0.824375
0.8205
0.818375
0.821375
0.818625
0.824375
0.82425
0.8245
0.822875
0.82325
0.82475
0.823875
0.82175
0.8205
0.825125
0.820625
0.817375
0.823625
0.825375
0.827125
0.821625
0.824375
0.822
0.82375
0.8275
0.82675
0.821625
0.8235
0.822625
0.8225
0.8265
0.820625
0.826375
0.82275
0.822
0.822875
0.824
0.8215
0.823125
0.820375
0.825875
0.823375
0.82475
0.825875
0.829625
0.82375
0.822
0.82375
0.826
0.825625
0.82325
0.826
0.824125
0.82625
0.82275
0.825875
0.82525
0.825
0.824625
0.827375
0.823
0.82975
0.8245
0.82475
0.8285
0.823875
0.82575
0.825875
0.825
0.82775
0.826375
0.8235
0.825
0.821875
0.82075
0.828625
0.832875
0.825625
0.824375
0.827625
0.83025
0.82625
0.824875
0.831875
0.826375
0.824
0.82175
0.829125
0.82575
0.83175
0.827125
0.8245
0.825125
0.830875
0.823625
0.830375
0.825875
0.8345
0.82475
0.826875
0.829625
0.828
0.82425
0.826
0.83025
0.8245
0.826125
0.827375
0.8285
0.82625
0.831375
0.8285
0.82825
0.824125
0.824625
0.82475
0.829375
0.824875
0.82825
0.826875
0.834625
0.8295
0.831625
0.82875
0.831
0.826125
0.826
0.82875
0.830375
0.832
0.826875
0.827375
0.82875
0.830625
0.82675
0.823875
0.833
0.82625
0.828875
0.827375
0.828
0.832625
0.82975
0.83175
0.83075
0.829625
0.828
0.832125
0.828
0.828
0.829
0.8265
0.829625
0.83075
0.832625
0.82425
0.8305
0.829375
0.825375
0.831375
0.833
0.832
0.833625
0.83625
0.82675
0.828625
0.833125
0.833625
0.832375
0.830375
0.829625
0.83
0.83175
0.835375
0.831125
0.82975
0.833875
0.83125
0.831125
0.831375
0.83225
0.829625
0.833875
0.8305
0.835375
0.83475
0.8345
0.829625
0.83375
0.83075
0.832875
0.8305
0.835
0.835375
0.834875
0.8355
0.83425
0.833
0.834
0.8375
0.833125
0.83175
0.835625
0.83375
0.837125
0.83225
0.83075
0.836375
0.830625
0.83675
0.833
0.834625
0.834375
0.833125
0.83225
0.8355
0.832
0.835375
0.83775
0.834
0.836125
0.836125
0.834875
0.838
0.83325
0.833375
0.83225
0.83475
0.83625
0.833125
0.841
0.837375
0.836875
0.836125
0.836375
0.83725
0.83325
0.838625
0.837
0.838125
0.83775
0.838875
0.8385
0.836125
0.84025
0.839875
0.839
0.84025
0.839625
0.83725
0.836875
0.8385
0.839125
0.8395
0.837625
0.8415
0.83875
0.84025
0.836875
0.837125
0.84025
0.83725
0.842875
0.838125
0.838
0.837125
0.8365
0.838
0.8415
0.83675
0.837125
0.838125
0.839
0.841
0.84175
0.842625
0.83625
0.84375
0.83825
0.844875
0.843625
0.83825
0.842375
0.83975
0.84175
0.843
0.839625
0.844875
0.84425
0.8445
0.838625
0.844875
0.84275
0.8435
0.8405
0.8445
0.84225
0.845
0.836125
0.841625
0.84425
0.84175
0.840875
0.840875
0.84125
0.84225
0.843
0.84025
0.848375
0.838875
0.84575
0.847
0.841375
0.8445
0.844875
0.84225
0.84325
0.84425
0.847375
0.84275
0.848
0.843375
0.844375
0.843875
0.84575
0.847625
0.84475
0.843125
0.842125
0.8425
0.845375
0.842125
0.843125
0.843875
0.847625
0.842375
0.842625
0.846
0.84575
0.84375
0.845875
0.840625
0.8435
0.842625
0.8465
0.847
0.845
0.848
0.849125
0.844625
0.84475
0.845875
0.843
0.845375
0.8395
0.848
0.8445
0.847
0.8465
0.847
0.846875
0.847625
0.846625
0.8475
0.84675
0.84775
0.846625
0.84525
0.848875
0.845
0.846875
0.84425
0.84425
0.845125
0.844875
0.842375
0.849125
0.846
0.8455
0.84525
0.8425
0.843
0.8455
0.8435
0.846125
0.84625
0.844375
0.8465
0.844625
0.84875
0.844625
0.847875
0.8445
0.84725
0.8495
0.84275
0.851125
0.84775
0.846375
0.8465
0.84825
0.84725
0.844625
0.8475
0.849625
0.847375
0.849625
0.848
0.843
0.8485
0.848875
0.845
0.847875
0.847875
0.848375
0.84725
0.849625
0.847125
0.8495
0.845625
0.846875
0.8455
0.845625
0.849
0.846375
0.84575
0.8495
0.8455
0.85075
0.84975
0.851375
0.84675
0.849
0.84925
0.852375
0.848875
0.851
0.852
0.84775
0.85175
0.84875
0.8515
0.849125
0.84775
0.849875
0.846625
0.847
0.850875
0.85175
0.852625
0.84925
0.845875
0.8495
0.85425
0.84975
0.8495
0.8495
0.8475
0.848875
0.851375
0.85025
0.8495
0.84675
0.850125
0.848
0.8465
0.849375
0.850375
0.853375
0.851375
0.849875
0.850875
0.85025
0.851125
0.8475
0.85075
0.847125
0.852375
0.851625
0.84925
0.852375
0.854125
0.850125
0.851625
0.851125
0.851625
0.85325
0.849375
0.849375
0.850625
0.85075
0.8505
0.850125
0.8505
0.850875
0.854625
0.85275
0.849125
0.851
0.8475
0.84825
0.85275
0.852375
0.84975
0.851375
0.850625
0.853125
0.8515
0.851125
0.852
0.8515
0.850875
0.8495
0.85075
0.85125
0.855125
0.853125
0.85325
0.854
0.8505
0.853125
0.850875
0.85425
0.850875
0.84875
0.851625
0.851
0.855875
0.85075
0.85225
0.849125
0.857
0.8455
0.85175
0.853625
0.85375
0.848125
0.85775
0.85075
0.853625
0.854875
0.85425
0.85425
0.850375
0.8515
0.84825
0.8495
0.85375
0.85575
0.85175
0.849875
0.849875
0.852125
0.85675
0.851875
0.852125
0.853875
0.855125
0.85675
0.85125
0.85325
0.85175
0.85125
0.853375
0.850875
0.85475
0.856375
0.855875
0.852875
0.854625
0.853375
0.852875
0.854
0.8575
0.85025
0.853375
0.855625
0.85425
0.856125
0.85475
0.849375
0.85175
0.85375
0.855
0.854
0.85425
0.857
0.854
0.856625
0.8545
0.857
0.85275
0.855875
0.85575
0.857125
0.854625
0.85425
0.855
0.85325
0.857375
0.853875
0.855
0.85425
0.852875
0.85
0.855625
0.8555
0.854625
0.857125
0.857375
0.857
0.85975
0.8505
0.85575
0.852625
0.853875
0.857375
0.856125
0.857375
0.857375
0.856
0.851125
0.856625
0.856
0.858375
0.854875
0.85575
0.857875
0.858375
0.858875
0.85675
0.855375
0.8535
0.860125
0.85875
0.85325
0.858875
0.857
0.85625
0.8605
0.855
0.85625
0.8545
0.855875
0.854
0.85975
0.8565
0.857375
0.854375
0.856125
0.857375
