-0.10973642220729328 -0.33964926236277515 0.06664813961869236
0.041473098731681916 0.09810043507304983 0.05405353348661545
0.07422287418973611 0.09790208740133795 0.07157374298439623
0.03520262949355946 -0.3093195759353151 0.07915592825591167
-0.9681618631720681 -0.21000934967434173 -0.04761480437232244
-0.11000983548085536 -0.0017244351054605236 0.07082433228095204
0.013010143346187952 -0.3244056730218941 0.057749421305827595
0.17399857006506508 -0.0377279104663281 -0.37106334331301527
0.01629760090635154 0.11176246709599817 0.07671820333295636
-0.012020487971207368 -1.04971509713606 0.0033858971973920915
0.007580230975235552 0.1774427508875395 0.09835218193334694
-0.6896495908510623 0.02309337882495415 -0.010680695549174519
-0.39940113723846843 0.18848571390830418 0.060581831030017394
-0.5331726640401341 -0.20208110052857836 -0.022950005025481696
0.3908216126815872 -0.016184387722332372 -0.19186941206324487
-0.3908046871873579 0.1923909176348575 0.08810466466799116
-0.35765318788410105 -0.4697777631450954 -0.010260165523709364
0.4243517599168449 -0.013735896909320925 -0.3140713747838478
-0.12329601437450613 -0.49645275044699066 0.05122332797562765
0.05365622132002685 0.12251273779955012 0.07568928158428084
-0.11516835890260449 -0.3296617502501923 -0.12486523025634377
-0.6518380554560457 -0.11502638789513421 -0.058085617976264735
-0.8384899535601089 -0.11814577898900103 -0.06532000136434485
0.04590491575501939 0.11731449321128093 0.06233201841980893
-0.6433092556397267 -0.1869035998715498 -0.050560775030362964
-0.24726058640272183 -0.2562016029873842 0.031007033120760405
0.03295389991347834 0.17391926236737199 0.09332672705726175
0.06656465338792232 0.1608132374380946 0.08722886513446383
-0.0732200627272361 -0.5090933082810919 0.06285470975402982
0.5045762546590715 -0.18332370078805155 -0.08850470086893342
-0.7803060606571744 -0.2951120052355907 -0.061401770277464934
0.012911509685307267 -0.7199438332673872 0.030100709318885262
0.09453038123628962 0.16879757284332547 0.09434810988558277
0.13969417393558492 -0.06342850170043969 -0.33252283114931963
-0.060611841149148055 0.23212871148609368 0.10925340910788896
0.4160543155307923 -0.46410722329287507 -0.08371068054105786
-0.5336237759611678 -0.1797687930347384 -0.14140736886043329
-0.047643705601565306 0.2117333838370926 0.1034578480839336
0.05597178347811364 -0.3743045640845748 -0.10025853308668896
0.007777933468469863 0.17878911126758415 0.0949727666683353
0.04259235727668317 0.13975231963098625 0.07266979932590897
-0.210554572409343 0.1842704651952781 0.08321496018751444
-0.28737493373442735 -0.05876098195579604 0.07069170310407462
-0.2280520962254286 -0.6089750023654058 -0.006914218879978975
-0.06198467123580631 0.21008898419741256 0.11640217554604042
-0.346363449502781 0.19317546470061028 0.07741912519310194
-0.20123589034544703 -0.2289852487818922 -0.18881281573848305
-0.53414593120476 -0.2844740917446492 -0.043852281024822005
-0.4802909717678941 0.10010428558736485 0.029967133790291752
0.11745370821515748 0.2278230949045688 0.03528846906010297
0.05551989341337658 0.17677501790207262 0.10946233274061781
0.028258708347851103 0.12222961626555595 0.06836484148168781
0.27585888812044834 -0.13928058010236763 -0.26333075042836585
-0.44177338808941363 0.06518715106334365 0.057747260766935246
-0.723145558496999 -0.3927675076965672 -0.06235087836021702
0.011432175583647017 -0.08802427305996331 -1.0147506227784309
0.4593345795830619 -0.11095647047543769 -0.08648735260335066
-0.5375394530122353 0.07340562978477602 0.014830135982147687
-0.00880760010821644 0.07293249664987464 0.06880189108794407
-0.12988924062654533 0.22027298115421348 -0.05481188597227115
-0.2663624625706629 -0.24189243974424435 -0.20761703903855805
-0.7239603187776046 -0.05994690808544372 -0.03239186331321505
0.001181652262822359 -0.08187922827809586 -0.34079063544206284
0.002983733955213271 -0.3352636939910608 -0.13004986075822672
-0.17721668347661795 -0.2930450091084434 0.06223718897647799
0.4694038293207222 0.044396709421855036 -0.3232902830565307
0.028564430571525908 0.1896995317130814 0.0922721878156999
-0.5373905789053274 -0.1040023706781206 -0.20114522233751855
0.03497039832227211 0.13546925434676016 0.08663089729098902
0.0008757110647328639 0.18554786883532634 0.10503286646837327
-0.01736693162073888 0.20973736977044666 0.09511007838924362
0.03735619527504653 0.19442190031011722 0.11405973717698685
-0.014260979085152283 0.01097303728746286 -0.3501360541207525
-0.03678426464659531 -0.18462472772239644 0.07479821387362727
-0.10304106104689756 -0.2602732454879572 -1.7049117507351117
-0.07666298328824762 0.235675128329098 0.10332941341041048
0.004935947302199704 -0.20628490287863918 -0.24176626859252973
-0.2127770129347514 -0.40992487706643765 -0.08705095388210328
0.03603750096312943 0.1539525906399748 0.07744142307253946
0.00699115091141408 0.1600935993211244 0.09086551280873506
0.515201795490672 -0.10422250207117068 -0.06394368227190769
0.03846928800633638 0.137519948204134 0.07830726011809576
0.0874078834688102 0.16267181750922796 0.09098954712341868
0.05216868898827279 -0.06929759358619297 -0.40304972571213193
0.19244539813647607 -0.09942546654485786 -0.2892953738371036
0.056890454340047705 0.15368965257356468 0.09100732008229208
0.15178692092789894 -0.17019244550542434 -0.28769065372195485
-0.139530849968393 -0.3791306198494816 -0.10295207967871103
0.0735554198638146 0.17615808133305894 0.08852641111524902
-0.004334762210647192 -0.23934139440019506 0.06719169500009271
0.2401666403782489 -0.1371455296313219 -0.24287805717790203
-0.5683685756745276 -0.2617920058122958 -0.1361142725454914
-0.5097648902230617 -0.33208252633575935 -0.1089201750257263
0.27564007168697197 -0.11255395402352253 -0.23825810907436612
0.1340362539815527 0.19471537841777176 0.10109533553065073
0.096871123244885 -0.2892575095250862 -0.13287465943345791
-0.024494126101895407 0.013270791598784243 0.07752424915289385
-0.07845995714896495 -0.7454336216298695 0.006655035416153425
-0.5368036399824787 -0.15092113286680414 -0.005408251557120743
-0.03126040204164715 -0.864984275609338 0.011935901730524008
-0.13399950887984566 0.22126214330889757 0.08576812113869262
0.0674418721344877 0.1498161758832274 0.08633355711444413
0.07022123140991922 -0.24013843492973908 -0.2131761208055661
-0.09381876071104062 -0.1233741603643748 -0.2831215508895735
-0.6684940424927691 -0.14692584528489186 -0.015274539681116188
-0.03875692453564052 -0.1094828283407224 -0.3741559769304074
0.04109056723958462 0.11710438852993187 -0.29578694059948785
-0.034601019853835756 0.16107937527389027 0.0993256092782885
0.5432258832591547 0.054195226608143965 -0.16959640174555538
0.014491369975090452 -0.1327708797939423 0.07606756520631834
-0.0879860188134767 -0.10389961133162545 -0.314627542585255
-0.1612084580944609 -0.2830307506673575 -0.2684714972549244
0.3192902286147642 -0.12652268450562767 -0.23902003751513373
0.24596261668447253 0.027894423059850324 -0.40705614860062445
-0.044260637959883276 0.020988505535073754 0.0739202871882192
0.06145980739754448 0.17035244512391476 0.08677538395916375
0.01985714550575802 0.18675264500029087 0.08614870039934135
0.05327943468134297 0.16968225669404566 0.09727251804463298
0.03409953342803331 0.17519890104179656 0.08794056910129507
-0.7121323725798663 0.03369141446930713 -0.012120571400955979
-0.7313571694608402 -0.09147197215682684 -0.03250260340001634
-0.01968944930332596 0.192425528523219 0.09578331408080111
-0.6977244513630403 0.0553097778437835 -0.026834929536778587
-0.7617347145355888 0.02910036556548459 -0.032226777025114985
0.3504942413521884 -0.05906565071464102 -0.25221912099835636
0.11705804169796157 -0.09741617586872929 -0.32560659560318417
0.26001787805508925 -0.14097631103378375 -0.2639040714674296
0.06961387178376266 -0.14127590393282966 -0.2726445191589151
0.06210107977524622 0.1618758247949866 0.08079269772472673
-0.05173379165234912 -0.10870787801506557 0.06516818725035083
-0.1017298082205832 -0.4131874484323521 -0.061681137730708345
0.067183980249969 0.11114158638543238 0.07358491377492446
-0.8196790433173059 -0.02371460773637814 -0.04587237908923015
-0.05683639314394141 -0.15086319744825613 -1.249242779100117
-0.23716019616616743 -0.3685113256771823 0.03676135884702426
0.2970643538068322 -0.1111439745213881 -0.24826752857465514
-0.3002718610433051 -0.3394295163544504 -0.1490389624907305
0.03305557391645921 0.10093168966775823 0.06361641482974298
0.030198801530957838 0.1854399782981372 0.10165258261556305
-0.726978026331902 0.051626343829918125 0.009882516992632703
0.037946727220422555 -0.7265100012314858 0.028031319025110277
0.03893353214772276 0.137144689632564 0.06594603435097218
0.018456157299204978 0.17967595736320036 0.09688248409059905
-0.2964811320236661 0.1662219203385311 0.09218886890711214
-0.7514660143473727 -0.00385538879424239 -0.03241466841986057
0.09062474152023794 -0.016997141505964306 -0.557671180536303
-0.06123677486313167 -0.32958201685891414 0.06781277732271665
0.22809528909355242 -0.33823296729267344 -0.14037606844726663
0.020407697425243163 -0.568264227986771 0.028806675292138158
-0.020331247935083254 -0.2895546090691262 0.06290916744061532
-0.5506672350503526 -0.41737838138823147 -0.05949888096738574
-0.012293805133199835 0.2154814759220515 -0.0814985169006812
0.05391098950985848 0.18323491968360187 0.0946400217441913
-0.3620083109816652 -0.26434182913533366 0.008781555666387062
-0.29263185136961584 -0.32729157496645617 -0.16564755472706488
0.013016145693196274 0.1963211259585366 0.0923650013409355
0.0013391264913691452 0.14013887854558804 -0.3217868668929305
-0.00270437601060707 0.08469889048277096 0.066513016372661
-0.08633294926910344 0.040308177332478046 0.07902121790114658
0.0631058264912367 0.18865743153253384 0.09338727876266005
0.027013030103193097 0.18326481240492684 0.09842222863917384
-0.14174556401916927 0.2205195758793484 -0.02046356460652996
0.017113232725857856 0.1398644189307728 0.08503773485827106
0.06591459382312442 0.18394290318496573 0.09658087387121947
0.04773750087761076 -0.3244454494587068 0.06609349930451423
-0.3986039324409668 -0.503656314118571 -0.05272741462708566
-0.010593371718775387 -0.14846434920532336 0.08435286318891724
0.3623132327345628 -0.3369877791456327 -0.11397144951641901
0.0126171808206308 0.15395249151030746 0.08105362397084102
-0.11615455984694005 0.18771272874284142 0.07631967105062594
-0.1297824739117971 0.2365200562827056 -0.013281579053002512
-0.09137658526581686 -0.17968215929692716 -1.3926689046561018
0.4067496256298088 -0.16830822369752035 -0.10458351424337393
-0.5354927454703527 0.12101649562632387 0.02869384423042366
0.3437049708849465 -0.1416774820893342 -0.19216579594061828
0.4153738295263199 -0.08771428812932539 -0.1473280232401589
0.16235634785239733 -0.2741314158068869 -0.13479365602492835
-0.14323423091598886 0.20609959250826212 -0.0777637306355888
-0.4869291197710804 -0.7202515962591506 -0.052789716514005984
0.0023215609917511195 0.17850112830183962 0.07506069905749811
-0.00457056623153048 0.15898874551039768 0.08714322988226987
0.01790946912674769 0.1381610321885531 0.07114878040129019
-0.4987706573390744 -0.15826747325180734 -0.00820697681398129
-0.45878361155102304 -0.537760488565775 -0.010687442815626546
0.029517941052618877 0.14357005556723335 -0.3845998622739691
-0.4711270030147081 0.13922279467779386 -0.05876310832338307
-0.7081520700782096 0.05258752484342001 -0.02669785704773551
-0.18697022720770906 0.21845215371505428 -0.06673342793927252
0.09037804310041718 0.13678733641731175 0.08156586959461185
0.22929340235656598 -0.16272898945342695 -0.21661282021757533
-0.4345654145390437 -0.433478149377786 -0.08473955460942863
-0.5680110592433261 -0.3227091253486559 -0.03613333766623827
-0.10051970288693886 -0.6543325776182347 0.006388577199055135
-0.06869766405064018 0.21537801824513295 0.11138916170218438
-0.27959706873790213 -0.3712318201861571 -0.14402893038731465
0.029475072461887866 0.17968309846352445 0.09596934002452197
0.053295316815276134 0.19609265815272503 0.1040508274668613
0.013801955546416386 0.1345490259630143 0.07847551050430603
0.06153784546253508 0.19159595309013502 0.09401551245105666
0.0455776986077731 -0.0072457021524064994 -0.4171566881611401
0.013556635266723403 0.1120227493732374 0.0654529516157648
-0.010961135771633811 -1.132318529320868 0.004986234985206794
-0.807667310775192 -0.000482376781577659 -0.030317556244813706
0.11950278526960911 -0.1620348688852101 -0.19612162396109734
-0.051401323382899156 0.14966245720565063 0.09745767232287654
-0.10509870407419765 -0.24534780732838513 -0.2404680316885192
-0.7146211986377065 0.02136463785470467 -0.09738937829818704
0.0720198123444039 0.0033153739331754197 -0.494283217708834
-0.18798800008436858 0.18990754728107673 0.11915011660632545
-0.6238683129057583 0.055585803136472586 0.008408821179888627
0.049633014999994174 0.15480147016074014 0.08685997621663416
-0.009391695242703595 0.17508562403521635 0.09998772511387233
0.060765515862696316 0.14307930458497936 0.09365231889520367
-0.12769452934306857 0.2093971913749133 0.05163194739210819
0.3036681228984708 -0.02650461757876882 -0.3468854726671324
0.05189021361649657 0.13173752484719126 0.07871376781536506
0.056075066061296405 0.1751678556225644 0.0856603630607743
-0.039009636183567335 -0.11961355489629381 -0.3107625007497457
-0.5197056041212194 -0.0007096043530512126 0.011491207536615668
0.04105130374758749 -0.29030396311173534 -0.15713589834072855
-0.5482354505113498 -0.33436173045094614 -0.0642521248333449
0.012854777300886511 -0.846371441553461 0.023976110523123206
-0.025173297071850873 0.17748867892395842 0.09368719062762468
-0.17116776084029284 0.20914119739220502 0.11026665234244125
-0.5690176029138911 0.09750336303461107 0.04665842122974214
0.06831214309484308 -0.34008331562029204 -0.13154257331989466
0.4158769224748796 -0.030850355119986735 -0.16409495359587098
0.0643065707187087 0.16452139758727993 0.09710967106681358
0.07139928688293702 0.11221639301062891 0.0722726868955891
-0.3410018584444973 -0.3996174592978629 -0.004543375328752318
-0.14133907291457587 -0.28254283674469827 -0.16717863317078474
0.040249323362946544 0.1340304563122735 0.0977666013016542
-0.033068119852927805 -0.8666321004857344 0.006110371083641454
0.06600582484756665 0.1561389130272026 0.07622708374858309
-0.13745249039186389 -0.3111606067541939 -0.1688285511219605
-0.0024707861488360936 0.16651313626144806 0.09684358282819241
-0.018456685358845044 0.2150634221916222 0.09571363781595985
-0.5789858314981374 -0.3832655810689917 -0.05744004524083385
-0.5653644544483225 -0.3673614511965212 -0.061127730481484926
0.030602342160665645 0.1702504220545504 0.08432725683927816
0.03785841911188112 0.13258505908931864 0.07679662280851313
0.01801344304866601 0.15331181211636988 0.09962002661519334
-0.0017879894221537174 0.05109508228328055 -0.390389438912579
-0.07530994316834251 0.20717152125591204 0.09071811145679926
0.05924537227001369 0.13482032199368937 0.07654880874477028
-0.22155336861871996 -0.50181602423919 0.02967428985710767
0.32411488783671777 -0.06950008720862703 -0.21497518679032016
-0.005351266221608074 -0.553092217379943 0.04294220492624326
0.07715150250484196 0.11458042313913094 0.06991373641266647
-0.3234955536389211 -0.09058251548200634 0.03132352670752209
0.059610355376725946 0.16245886079552174 0.08144814764970731
0.04702668913623044 0.12450610108172344 0.0711862051291909
-0.47490550757161376 -0.5556195777621091 -0.041418938278933545
-0.26028550918820276 0.024422850049261452 -0.3330375179966668
0.044212396306942264 0.19188481168445906 0.09565831964595696
-0.677626636537412 -0.010206883379674724 -0.0034621152348658394
